// A characteristic map for 
// PiVi(REqu, pAc)
// data(
//     equilibrium radius,
//     acoustic pressure amplitude
// )
//
// Loaded via transportProperties.
//
// Table structure:
//  (
//      REqu 1
//      (
//          (pAc 1     PiVi 1)
//          (pAc 2     PiVi 2)
//          (...)
//      )
//      REqu 2
//      (...
//      )
//  )
(
    (
        1e-06
        (
            (1.013000e+04    1.231280e-13)
            (1.519500e+04    2.788607e-13)
            (2.026000e+04    5.003546e-13)
            (2.532500e+04    7.912308e-13)
            (3.039000e+04    1.156375e-12)
            (3.545500e+04    1.602132e-12)
            (4.052000e+04    2.136571e-12)
            (4.558500e+04    2.769844e-12)
            (5.065000e+04    3.514665e-12)
            (5.571500e+04    4.386960e-12)
            (6.078000e+04    5.406754e-12)
            (6.584500e+04    6.599393e-12)
            (7.091000e+04    7.997250e-12)
            (7.597500e+04    9.642184e-12)
            (8.104000e+04    1.158909e-11)
            (8.610500e+04    1.391127e-11)
            (9.117000e+04    1.670866e-11)
            (9.623500e+04    2.012109e-11)
            (1.013000e+05    2.435029e-11)
            (1.063650e+05    2.969882e-11)
            (1.114300e+05    3.664295e-11)
            (1.164950e+05    4.598176e-11)
            (1.215600e+05    5.917817e-11)
            (1.266250e+05    7.927676e-11)
            (1.316900e+05    1.141127e-10)
            (1.367550e+05    1.958328e-10)
            (1.418200e+05    1.288985e-06)
            (1.468850e+05    1.991115e-05)
            (1.519500e+05    3.910271e-05)
            (1.570150e+05    6.056968e-05)
            (1.620800e+05    8.438060e-05)
            (1.671450e+05    1.104921e-04)
            (1.722100e+05    1.388541e-04)
            (1.772750e+05    1.694189e-04)
            (1.823400e+05    2.021078e-04)
            (1.874050e+05    2.368702e-04)
            (1.924700e+05    2.736389e-04)
            (1.975350e+05    3.123256e-04)
            (2.026000e+05    3.528408e-04)
            (2.076650e+05    3.950969e-04)
            (2.127300e+05    4.390124e-04)
            (2.177950e+05    4.845123e-04)
            (2.228600e+05    5.315293e-04)
            (2.279250e+05    5.800021e-04)
            (2.329900e+05    6.298760e-04)
            (2.380550e+05    6.810998e-04)
            (2.431200e+05    7.336270e-04)
            (2.481850e+05    7.874117e-04)
            (2.532500e+05    8.424049e-04)
        )
    )
    (
        2e-06
        (
            (1.013000e+04    1.759813e-12)
            (1.519500e+04    4.002516e-12)
            (2.026000e+04    7.224973e-12)
            (2.532500e+04    1.151575e-11)
            (3.039000e+04    1.699789e-11)
            (3.545500e+04    2.383713e-11)
            (4.052000e+04    3.225400e-11)
            (4.558500e+04    4.254123e-11)
            (5.065000e+04    5.508940e-11)
            (5.571500e+04    7.042530e-11)
            (6.078000e+04    8.927052e-11)
            (6.584500e+04    1.126345e-10)
            (7.091000e+04    1.419665e-10)
            (7.597500e+04    1.794161e-10)
            (8.104000e+04    2.283060e-10)
            (8.610500e+04    2.940488e-10)
            (9.117000e+04    3.860977e-10)
            (9.623500e+04    5.226420e-10)
            (1.013000e+05    7.442204e-10)
            (1.063650e+05    1.169985e-09)
            (1.114300e+05    2.844530e-09)
            (1.164950e+05    1.128079e-07)
            (1.215600e+05    3.018603e-06)
            (1.266250e+05    9.621761e-06)
            (1.316900e+05    1.967171e-05)
            (1.367550e+05    3.276812e-05)
            (1.418200e+05    4.869167e-05)
            (1.468850e+05    6.728052e-05)
            (1.519500e+05    8.840244e-05)
            (1.570150e+05    1.119516e-04)
            (1.620800e+05    1.378479e-04)
            (1.671450e+05    1.660343e-04)
            (1.722100e+05    1.964635e-04)
            (1.772750e+05    2.290907e-04)
            (1.823400e+05    2.638550e-04)
            (1.874050e+05    3.006664e-04)
            (1.924700e+05    3.394594e-04)
            (1.975350e+05    3.801955e-04)
            (2.026000e+05    4.227928e-04)
            (2.076650e+05    4.671691e-04)
            (2.127300e+05    5.132469e-04)
            (2.177950e+05    5.609517e-04)
            (2.228600e+05    6.102134e-04)
            (2.279250e+05    6.609643e-04)
            (2.329900e+05    7.131398e-04)
            (2.380550e+05    7.666831e-04)
            (2.431200e+05    8.215316e-04)
            (2.481850e+05    8.776285e-04)
            (2.532500e+05    9.349216e-04)
        )
    )
    (
        3e-06
        (
            (1.013000e+04    7.535491e-12)
            (1.519500e+04    1.717900e-11)
            (2.026000e+04    3.111411e-11)
            (2.532500e+04    4.981244e-11)
            (3.039000e+04    7.393947e-11)
            (3.545500e+04    1.044099e-10)
            (4.052000e+04    1.424707e-10)
            (4.558500e+04    1.898265e-10)
            (5.065000e+04    2.488333e-10)
            (5.571500e+04    3.228034e-10)
            (6.078000e+04    4.165053e-10)
            (6.584500e+04    5.370174e-10)
            (7.091000e+04    6.952663e-10)
            (7.597500e+04    9.089917e-10)
            (8.104000e+04    1.208988e-09)
            (8.610500e+04    1.654010e-09)
            (9.117000e+04    2.374734e-09)
            (9.623500e+04    3.806138e-09)
            (1.013000e+05    1.069993e-08)
            (1.063650e+05    1.336778e-07)
            (1.114300e+05    1.699173e-06)
            (1.164950e+05    5.744260e-06)
            (1.215600e+05    1.188242e-05)
            (1.266250e+05    2.109052e-05)
            (1.316900e+05    3.322564e-05)
            (1.367550e+05    4.815118e-05)
            (1.418200e+05    6.574102e-05)
            (1.468850e+05    8.588011e-05)
            (1.519500e+05    1.084684e-04)
            (1.570150e+05    1.334243e-04)
            (1.620800e+05    1.606878e-04)
            (1.671450e+05    1.902144e-04)
            (1.722100e+05    2.219661e-04)
            (1.772750e+05    2.559001e-04)
            (1.823400e+05    2.919692e-04)
            (1.874050e+05    3.301109e-04)
            (1.924700e+05    3.702467e-04)
            (1.975350e+05    4.122855e-04)
            (2.026000e+05    4.561561e-04)
            (2.076650e+05    5.018087e-04)
            (2.127300e+05    5.491755e-04)
            (2.177950e+05    5.981786e-04)
            (2.228600e+05    6.487446e-04)
            (2.279250e+05    7.008013e-04)
            (2.329900e+05    7.542717e-04)
            (2.380550e+05    8.090793e-04)
            (2.431200e+05    8.652121e-04)
            (2.481850e+05    9.226470e-04)
            (2.532500e+05    9.811372e-04)
        )
    )
    (
        4e-06
        (
            (1.013000e+04    2.035837e-11)
            (1.519500e+04    4.648086e-11)
            (2.026000e+04    8.436375e-11)
            (2.532500e+04    1.354446e-10)
            (3.039000e+04    2.017711e-10)
            (3.545500e+04    2.861943e-10)
            (4.052000e+04    3.926621e-10)
            (4.558500e+04    5.266755e-10)
            (5.065000e+04    6.960137e-10)
            (5.571500e+04    9.119216e-10)
            (6.078000e+04    1.191152e-09)
            (6.584500e+04    1.559652e-09)
            (7.091000e+04    2.059716e-09)
            (7.597500e+04    2.765305e-09)
            (8.104000e+04    3.820422e-09)
            (8.610500e+04    5.580687e-09)
            (9.117000e+04    9.776203e-09)
            (9.623500e+04    3.503424e-08)
            (1.013000e+05    2.812871e-07)
            (1.063650e+05    1.862321e-06)
            (1.114300e+05    6.715805e-06)
            (1.164950e+05    1.190421e-05)
            (1.215600e+05    1.971532e-05)
            (1.266250e+05    3.040981e-05)
            (1.316900e+05    4.390878e-05)
            (1.367550e+05    6.011108e-05)
            (1.418200e+05    7.891187e-05)
            (1.468850e+05    1.002110e-04)
            (1.519500e+05    1.239222e-04)
            (1.570150e+05    1.499737e-04)
            (1.620800e+05    1.783128e-04)
            (1.671450e+05    2.089003e-04)
            (1.722100e+05    2.417004e-04)
            (1.772750e+05    2.766743e-04)
            (1.823400e+05    3.137704e-04)
            (1.874050e+05    3.529320e-04)
            (1.924700e+05    3.940921e-04)
            (1.975350e+05    4.371761e-04)
            (2.026000e+05    4.821003e-04)
            (2.076650e+05    5.287753e-04)
            (2.127300e+05    5.771247e-04)
            (2.177950e+05    6.270894e-04)
            (2.228600e+05    6.786083e-04)
            (2.279250e+05    7.316245e-04)
            (2.329900e+05    7.861224e-04)
            (2.380550e+05    8.421574e-04)
            (2.431200e+05    8.998400e-04)
            (2.481850e+05    9.590767e-04)
            (2.532500e+05    1.018064e-03)
        )
    )
    (
        5e-06
        (
            (1.013000e+04    4.321152e-11)
            (1.519500e+04    9.875985e-11)
            (2.026000e+04    1.795186e-10)
            (2.532500e+04    2.887860e-10)
            (3.039000e+04    4.312958e-10)
            (3.545500e+04    6.136976e-10)
            (4.052000e+04    8.453067e-10)
            (4.558500e+04    1.139288e-09)
            (5.065000e+04    1.514588e-09)
            (5.571500e+04    1.999200e-09)
            (6.078000e+04    2.636000e-09)
            (6.584500e+04    3.493888e-09)
            (7.091000e+04    4.691378e-09)
            (7.597500e+04    6.457280e-09)
            (8.104000e+04    9.378578e-09)
            (8.610500e+04    1.626214e-08)
            (9.117000e+04    4.911946e-08)
            (9.623500e+04    2.694591e-07)
            (1.013000e+05    1.333425e-06)
            (1.063650e+05    5.948446e-06)
            (1.114300e+05    1.201823e-05)
            (1.164950e+05    1.844771e-05)
            (1.215600e+05    2.750861e-05)
            (1.266250e+05    3.937435e-05)
            (1.316900e+05    5.398411e-05)
            (1.367550e+05    7.125039e-05)
            (1.418200e+05    9.107957e-05)
            (1.468850e+05    1.133803e-04)
            (1.519500e+05    1.380718e-04)
            (1.570150e+05    1.650891e-04)
            (1.620800e+05    1.943806e-04)
            (1.671450e+05    2.259076e-04)
            (1.722100e+05    2.596367e-04)
            (1.772750e+05    2.955249e-04)
            (1.823400e+05    3.335237e-04)
            (1.874050e+05    3.735685e-04)
            (1.924700e+05    4.155985e-04)
            (1.975350e+05    4.595549e-04)
            (2.026000e+05    5.053870e-04)
            (2.076650e+05    5.530005e-04)
            (2.127300e+05    6.021744e-04)
            (2.177950e+05    6.525948e-04)
            (2.228600e+05    7.047008e-04)
            (2.279250e+05    7.596475e-04)
            (2.329900e+05    8.165858e-04)
            (2.380550e+05    8.677241e-04)
            (2.431200e+05    9.252706e-04)
            (2.481850e+05    9.937130e-04)
            (2.532500e+05    1.062832e-03)
        )
    )
    (
        6e-06
        (
            (1.013000e+04    7.911746e-11)
            (1.519500e+04    1.809642e-10)
            (2.026000e+04    3.293149e-10)
            (2.532500e+04    5.305581e-10)
            (3.039000e+04    7.939141e-10)
            (3.545500e+04    1.132433e-09)
            (4.052000e+04    1.564571e-09)
            (4.558500e+04    2.116717e-09)
            (5.065000e+04    2.827433e-09)
            (5.571500e+04    3.754824e-09)
            (6.078000e+04    4.990312e-09)
            (6.584500e+04    6.687041e-09)
            (7.091000e+04    9.131920e-09)
            (7.597500e+04    1.302618e-08)
            (8.104000e+04    2.122361e-08)
            (8.610500e+04    5.091781e-08)
            (9.117000e+04    2.041884e-07)
            (9.623500e+04    8.936243e-07)
            (1.013000e+05    3.656701e-06)
            (1.063650e+05    1.091522e-05)
            (1.114300e+05    1.795641e-05)
            (1.164950e+05    2.551270e-05)
            (1.215600e+05    3.564091e-05)
            (1.266250e+05    4.853031e-05)
            (1.316900e+05    6.412922e-05)
            (1.367550e+05    8.235807e-05)
            (1.418200e+05    1.031260e-04)
            (1.468850e+05    1.263488e-04)
            (1.519500e+05    1.519506e-04)
            (1.570150e+05    1.798635e-04)
            (1.620800e+05    2.100416e-04)
            (1.671450e+05    2.424516e-04)
            (1.722100e+05    2.770224e-04)
            (1.772750e+05    3.137594e-04)
            (1.823400e+05    3.526323e-04)
            (1.874050e+05    3.934162e-04)
            (1.924700e+05    4.362026e-04)
            (1.975350e+05    4.812552e-04)
            (2.026000e+05    5.275801e-04)
            (2.076650e+05    5.751731e-04)
            (2.127300e+05    6.268027e-04)
            (2.177950e+05    6.778949e-04)
            (2.228600e+05    7.277123e-04)
            (2.279250e+05    7.894931e-04)
            (2.329900e+05    8.333398e-04)
            (2.380550e+05    8.979511e-04)
            (2.431200e+05    9.759204e-04)
            (2.481850e+05    1.011677e-03)
            (2.532500e+05    1.100546e-03)
        )
    )
    (
        7e-06
        (
            (1.013000e+04    1.311316e-10)
            (1.519500e+04    3.001238e-10)
            (2.026000e+04    5.466556e-10)
            (2.532500e+04    8.817908e-10)
            (3.039000e+04    1.321576e-09)
            (3.545500e+04    1.888872e-09)
            (4.052000e+04    2.616281e-09)
            (4.558500e+04    3.550947e-09)
            (5.065000e+04    4.762753e-09)
            (5.571500e+04    6.359175e-09)
            (6.078000e+04    8.514881e-09)
            (6.584500e+04    1.154304e-08)
            (7.091000e+04    1.614362e-08)
            (7.597500e+04    2.467904e-08)
            (8.104000e+04    4.858480e-08)
            (8.610500e+04    1.462200e-07)
            (9.117000e+04    5.568929e-07)
            (9.623500e+04    1.957164e-06)
            (1.013000e+05    7.199441e-06)
            (1.063650e+05    1.643758e-05)
            (1.114300e+05    2.455255e-05)
            (1.164950e+05    3.317536e-05)
            (1.215600e+05    4.428135e-05)
            (1.266250e+05    5.811785e-05)
            (1.316900e+05    7.463738e-05)
            (1.367550e+05    9.377160e-05)
            (1.418200e+05    1.154255e-04)
            (1.468850e+05    1.395239e-04)
            (1.519500e+05    1.659974e-04)
            (1.570150e+05    1.947455e-04)
            (1.620800e+05    2.258219e-04)
            (1.671450e+05    2.589551e-04)
            (1.722100e+05    2.945147e-04)
            (1.772750e+05    3.318518e-04)
            (1.823400e+05    3.715741e-04)
            (1.874050e+05    4.134126e-04)
            (1.924700e+05    4.561052e-04)
            (1.975350e+05    5.034662e-04)
            (2.026000e+05    5.476074e-04)
            (2.076650e+05    5.998419e-04)
            (2.127300e+05    6.482310e-04)
            (2.177950e+05    7.005648e-04)
            (2.228600e+05    7.654674e-04)
            (2.279250e+05    8.063727e-04)
            (2.329900e+05    8.875427e-04)
            (2.380550e+05    9.220866e-04)
            (2.431200e+05    1.018527e-03)
            (2.481850e+05    1.052654e-03)
            (2.532500e+05    1.178704e-03)
        )
    )
    (
        8e-06
        (
            (1.013000e+04    2.023420e-10)
            (1.519500e+04    4.633507e-10)
            (2.026000e+04    8.446128e-10)
            (2.532500e+04    1.363836e-09)
            (3.039000e+04    2.046814e-09)
            (3.545500e+04    2.930530e-09)
            (4.052000e+04    4.068156e-09)
            (4.558500e+04    5.537427e-09)
            (5.065000e+04    7.455395e-09)
            (5.571500e+04    1.000662e-08)
            (6.078000e+04    1.350656e-08)
            (6.584500e+04    1.859545e-08)
            (7.091000e+04    2.707661e-08)
            (7.597500e+04    4.611775e-08)
            (8.104000e+04    1.078280e-07)
            (8.610500e+04    3.411781e-07)
            (9.117000e+04    1.133878e-06)
            (9.623500e+04    3.704360e-06)
            (1.013000e+05    1.155863e-05)
            (1.063650e+05    2.249645e-05)
            (1.114300e+05    3.181028e-05)
            (1.164950e+05    4.147925e-05)
            (1.215600e+05    5.352369e-05)
            (1.266250e+05    6.824330e-05)
            (1.316900e+05    8.566570e-05)
            (1.367550e+05    1.056282e-04)
            (1.418200e+05    1.281929e-04)
            (1.468850e+05    1.530490e-04)
            (1.519500e+05    1.804820e-04)
            (1.570150e+05    2.098757e-04)
            (1.620800e+05    2.420228e-04)
            (1.671450e+05    2.755903e-04)
            (1.722100e+05    3.124965e-04)
            (1.772750e+05    3.496865e-04)
            (1.823400e+05    3.917963e-04)
            (1.874050e+05    4.314926e-04)
            (1.924700e+05    4.800267e-04)
            (1.975350e+05    5.202009e-04)
            (2.026000e+05    5.774078e-04)
            (2.076650e+05    6.156761e-04)
            (2.127300e+05    6.845115e-04)
            (2.177950e+05    7.201502e-04)
            (2.228600e+05    8.017411e-04)
            (2.279250e+05    8.261848e-04)
            (2.329900e+05    8.613981e-04)
            (2.380550e+05    8.988282e-04)
            (2.431200e+05    9.776184e-04)
            (2.481850e+05    1.134924e-03)
            (2.532500e+05    1.133215e-03)
        )
    )
    (
        9e-06
        (
            (1.013000e+04    2.958697e-10)
            (1.519500e+04    6.778413e-10)
            (2.026000e+04    1.236440e-09)
            (2.532500e+04    1.998391e-09)
            (3.039000e+04    3.002808e-09)
            (3.545500e+04    4.306120e-09)
            (4.052000e+04    5.990125e-09)
            (4.558500e+04    8.175867e-09)
            (5.065000e+04    1.104906e-08)
            (5.571500e+04    1.491331e-08)
            (6.078000e+04    2.033300e-08)
            (6.584500e+04    2.865916e-08)
            (7.091000e+04    4.434637e-08)
            (7.597500e+04    8.496256e-08)
            (8.104000e+04    2.180342e-07)
            (8.610500e+04    6.606051e-07)
            (9.117000e+04    1.971891e-06)
            (9.623500e+04    6.353573e-06)
            (1.013000e+05    1.654648e-05)
            (1.063650e+05    2.909239e-05)
            (1.114300e+05    3.971447e-05)
            (1.164950e+05    5.042914e-05)
            (1.215600e+05    6.341526e-05)
            (1.266250e+05    7.895374e-05)
            (1.316900e+05    9.726783e-05)
            (1.367550e+05    1.180575e-04)
            (1.418200e+05    1.413577e-04)
            (1.468850e+05    1.673072e-04)
            (1.519500e+05    1.949556e-04)
            (1.570150e+05    2.261874e-04)
            (1.620800e+05    2.575619e-04)
            (1.671450e+05    2.940534e-04)
            (1.722100e+05    3.292809e-04)
            (1.772750e+05    3.695802e-04)
            (1.823400e+05    4.106947e-04)
            (1.874050e+05    4.496361e-04)
            (1.924700e+05    5.025320e-04)
            (1.975350e+05    5.363283e-04)
            (2.026000e+05    6.054948e-04)
            (2.076650e+05    6.381070e-04)
            (2.127300e+05    7.179077e-04)
            (2.177950e+05    7.553098e-04)
            (2.228600e+05    7.804414e-04)
            (2.279250e+05    8.925580e-04)
            (2.329900e+05    9.108145e-04)
            (2.380550e+05    1.063601e-03)
            (2.431200e+05    1.013630e-03)
            (2.481850e+05    1.030479e-03)
            (2.532500e+05    1.366365e-03)
        )
    )
    (
        1e-05
        (
            (1.013000e+04    4.148692e-10)
            (1.519500e+04    9.508785e-10)
            (2.026000e+04    1.735572e-09)
            (2.532500e+04    2.807523e-09)
            (3.039000e+04    4.223456e-09)
            (3.545500e+04    6.065708e-09)
            (4.052000e+04    8.454748e-09)
            (4.558500e+04    1.157137e-08)
            (5.065000e+04    1.570011e-08)
            (5.571500e+04    2.133268e-08)
            (6.078000e+04    2.949434e-08)
            (6.584500e+04    4.301470e-08)
            (7.091000e+04    7.164996e-08)
            (7.597500e+04    1.506917e-07)
            (8.104000e+04    3.958815e-07)
            (8.610500e+04    1.120412e-06)
            (9.117000e+04    3.166558e-06)
            (9.623500e+04    9.687555e-06)
            (1.013000e+05    2.205738e-05)
            (1.063650e+05    3.622405e-05)
            (1.114300e+05    4.820794e-05)
            (1.164950e+05    6.009303e-05)
            (1.215600e+05    7.378574e-05)
            (1.266250e+05    9.046793e-05)
            (1.316900e+05    1.093195e-04)
            (1.367550e+05    1.309351e-04)
            (1.418200e+05    1.555983e-04)
            (1.468850e+05    1.809930e-04)
            (1.519500e+05    2.114988e-04)
            (1.570150e+05    2.415709e-04)
            (1.620800e+05    2.740034e-04)
            (1.671450e+05    3.133074e-04)
            (1.722100e+05    3.449111e-04)
            (1.772750e+05    3.926106e-04)
            (1.823400e+05    4.306896e-04)
            (1.874050e+05    4.636035e-04)
            (1.924700e+05    5.305504e-04)
            (1.975350e+05    5.605794e-04)
            (2.026000e+05    6.219266e-04)
            (2.076650e+05    6.708354e-04)
            (2.127300e+05    6.972799e-04)
            (2.177950e+05    8.152028e-04)
            (2.228600e+05    8.476860e-04)
            (2.279250e+05    8.838275e-04)
            (2.329900e+05    1.019758e-03)
            (2.380550e+05    9.718908e-04)
            (2.431200e+05    1.062576e-03)
            (2.481850e+05    1.330236e-03)
            (2.532500e+05    1.362194e-03)
        )
    )
    (
        1.1e-05
        (
            (1.013000e+04    5.625277e-10)
            (1.519500e+04    1.289831e-09)
            (2.026000e+04    2.355638e-09)
            (2.532500e+04    3.813693e-09)
            (3.039000e+04    5.743423e-09)
            (3.545500e+04    8.260895e-09)
            (4.052000e+04    1.153774e-08)
            (4.558500e+04    1.583616e-08)
            (5.065000e+04    2.158412e-08)
            (5.571500e+04    2.958040e-08)
            (6.078000e+04    4.169839e-08)
            (6.584500e+04    6.352728e-08)
            (7.091000e+04    1.137712e-07)
            (7.597500e+04    2.531223e-07)
            (8.104000e+04    6.546164e-07)
            (8.610500e+04    1.745263e-06)
            (9.117000e+04    4.836480e-06)
            (9.623500e+04    1.356562e-05)
            (1.013000e+05    2.812838e-05)
            (1.063650e+05    4.372459e-05)
            (1.114300e+05    5.740554e-05)
            (1.164950e+05    7.003379e-05)
            (1.215600e+05    8.510400e-05)
            (1.266250e+05    1.025156e-04)
            (1.316900e+05    1.214628e-04)
            (1.367550e+05    1.452816e-04)
            (1.418200e+05    1.696626e-04)
            (1.468850e+05    1.950993e-04)
            (1.519500e+05    2.290407e-04)
            (1.570150e+05    2.576418e-04)
            (1.620800e+05    2.888973e-04)
            (1.671450e+05    3.348447e-04)
            (1.722100e+05    3.640524e-04)
            (1.772750e+05    4.000421e-04)
            (1.823400e+05    4.603211e-04)
            (1.874050e+05    4.878591e-04)
            (1.924700e+05    5.184251e-04)
            (1.975350e+05    6.017823e-04)
            (2.026000e+05    6.327405e-04)
            (2.076650e+05    6.543629e-04)
            (2.127300e+05    7.735813e-04)
            (2.177950e+05    7.554198e-04)
            (2.228600e+05    9.518505e-04)
            (2.279250e+05    8.973588e-04)
            (2.329900e+05    9.717017e-04)
            (2.380550e+05    1.032578e-03)
            (2.431200e+05    1.317712e-03)
            (2.481850e+05    1.339420e-03)
            (2.532500e+05    1.376100e-03)
        )
    )
    (
        1.2e-05
        (
            (1.013000e+04    7.420580e-10)
            (1.519500e+04    1.702144e-09)
            (2.026000e+04    3.110444e-09)
            (2.532500e+04    5.039759e-09)
            (3.039000e+04    7.598204e-09)
            (3.545500e+04    1.094502e-08)
            (4.052000e+04    1.531866e-08)
            (4.558500e+04    2.109222e-08)
            (5.065000e+04    2.890594e-08)
            (5.571500e+04    4.006560e-08)
            (6.078000e+04    5.792228e-08)
            (6.584500e+04    9.264636e-08)
            (7.091000e+04    1.761575e-07)
            (7.597500e+04    4.015264e-07)
            (8.104000e+04    1.006926e-06)
            (8.610500e+04    2.577941e-06)
            (9.117000e+04    7.078375e-06)
            (9.623500e+04    1.789661e-05)
            (1.013000e+05    3.458790e-05)
            (1.063650e+05    5.184795e-05)
            (1.114300e+05    6.695622e-05)
            (1.164950e+05    8.040332e-05)
            (1.215600e+05    9.721743e-05)
            (1.266250e+05    1.151741e-04)
            (1.316900e+05    1.338611e-04)
            (1.367550e+05    1.598854e-04)
            (1.418200e+05    1.856147e-04)
            (1.468850e+05    2.087608e-04)
            (1.519500e+05    2.454623e-04)
            (1.570150e+05    2.791223e-04)
            (1.620800e+05    3.038664e-04)
            (1.671450e+05    3.495425e-04)
            (1.722100e+05    3.952763e-04)
            (1.772750e+05    4.203526e-04)
            (1.823400e+05    4.475803e-04)
            (1.874050e+05    5.346415e-04)
            (1.924700e+05    5.498617e-04)
            (1.975350e+05    5.907362e-04)
            (2.026000e+05    7.027414e-04)
            (2.076650e+05    6.545742e-04)
            (2.127300e+05    7.658827e-04)
            (2.177950e+05    9.191281e-04)
            (2.228600e+05    8.687011e-04)
            (2.279250e+05    8.683961e-04)
            (2.329900e+05    1.011366e-03)
            (2.380550e+05    1.292918e-03)
            (2.431200e+05    1.328797e-03)
            (2.481850e+05    1.011569e-03)
            (2.532500e+05    1.212322e-03)
        )
    )
    (
        1.3e-05
        (
            (1.013000e+04    9.566990e-10)
            (1.519500e+04    2.195333e-09)
            (2.026000e+04    4.013973e-09)
            (2.532500e+04    6.508967e-09)
            (3.039000e+04    9.824164e-09)
            (3.545500e+04    1.417338e-08)
            (4.052000e+04    1.988191e-08)
            (4.558500e+04    2.747521e-08)
            (5.065000e+04    3.791227e-08)
            (5.571500e+04    5.332003e-08)
            (6.078000e+04    7.943688e-08)
            (6.584500e+04    1.332917e-07)
            (7.091000e+04    2.644546e-07)
            (7.597500e+04    6.044491e-07)
            (8.104000e+04    1.468105e-06)
            (8.610500e+04    3.671398e-06)
            (9.117000e+04    9.952979e-06)
            (9.623500e+04    2.260517e-05)
            (1.013000e+05    4.154678e-05)
            (1.063650e+05    5.992431e-05)
            (1.114300e+05    7.745052e-05)
            (1.164950e+05    9.103747e-05)
            (1.215600e+05    1.087661e-04)
            (1.266250e+05    1.298300e-04)
            (1.316900e+05    1.478343e-04)
            (1.367550e+05    1.697701e-04)
            (1.418200e+05    2.049715e-04)
            (1.468850e+05    2.290558e-04)
            (1.519500e+05    2.510670e-04)
            (1.570150e+05    3.015396e-04)
            (1.620800e+05    3.359489e-04)
            (1.671450e+05    3.585606e-04)
            (1.722100e+05    3.830099e-04)
            (1.772750e+05    4.689907e-04)
            (1.823400e+05    4.827915e-04)
            (1.874050e+05    5.103455e-04)
            (1.924700e+05    6.322894e-04)
            (1.975350e+05    6.402444e-04)
            (2.026000e+05    6.587079e-04)
            (2.076650e+05    7.127076e-04)
            (2.127300e+05    8.767758e-04)
            (2.177950e+05    7.978127e-04)
            (2.228600e+05    9.483310e-04)
            (2.279250e+05    1.001029e-03)
            (2.329900e+05    1.262854e-03)
            (2.380550e+05    1.247012e-03)
            (2.431200e+05    1.335133e-03)
            (2.481850e+05    1.221049e-03)
            (2.532500e+05    1.175314e-03)
        )
    )
    (
        1.4e-05
        (
            (1.013000e+04    1.209706e-09)
            (1.519500e+04    2.776969e-09)
            (2.026000e+04    5.080371e-09)
            (2.532500e+04    8.244941e-09)
            (3.039000e+04    1.245859e-08)
            (3.545500e+04    1.800358e-08)
            (4.052000e+04    2.531816e-08)
            (4.558500e+04    3.513925e-08)
            (5.065000e+04    4.890479e-08)
            (5.571500e+04    7.001826e-08)
            (6.078000e+04    1.077961e-07)
            (6.584500e+04    1.887238e-07)
            (7.091000e+04    3.843725e-07)
            (7.597500e+04    8.707734e-07)
            (8.104000e+04    2.058666e-06)
            (8.610500e+04    5.069720e-06)
            (9.117000e+04    1.330342e-05)
            (9.623500e+04    2.774474e-05)
            (1.013000e+05    4.943072e-05)
            (1.063650e+05    6.720773e-05)
            (1.114300e+05    8.897745e-05)
            (1.164950e+05    1.042384e-04)
            (1.215600e+05    1.184008e-04)
            (1.266250e+05    1.417717e-04)
            (1.316900e+05    1.679358e-04)
            (1.367550e+05    1.861942e-04)
            (1.418200e+05    2.061921e-04)
            (1.468850e+05    2.550577e-04)
            (1.519500e+05    2.828428e-04)
            (1.570150e+05    3.029330e-04)
            (1.620800e+05    3.247035e-04)
            (1.671450e+05    4.076682e-04)
            (1.722100e+05    4.257922e-04)
            (1.772750e+05    4.632801e-04)
            (1.823400e+05    4.737856e-04)
            (1.874050e+05    5.964124e-04)
            (1.924700e+05    5.861536e-04)
            (1.975350e+05    6.385012e-04)
            (2.026000e+05    6.482700e-04)
            (2.076650e+05    8.232364e-04)
            (2.127300e+05    7.980695e-04)
            (2.177950e+05    7.690686e-04)
            (2.228600e+05    8.908109e-04)
            (2.279250e+05    1.237767e-03)
            (2.329900e+05    1.186178e-03)
            (2.380550e+05    1.300030e-03)
            (2.431200e+05    1.239087e-03)
            (2.481850e+05    1.358011e-03)
            (2.532500e+05    1.390159e-03)
        )
    )
    (
        1.5e-05
        (
            (1.013000e+04    1.504336e-09)
            (1.519500e+04    3.454646e-09)
            (2.026000e+04    6.323872e-09)
            (2.532500e+04    1.027167e-08)
            (3.039000e+04    1.553975e-08)
            (3.545500e+04    2.249592e-08)
            (4.052000e+04    3.172599e-08)
            (4.558500e+04    4.426313e-08)
            (5.065000e+04    6.225620e-08)
            (5.571500e+04    9.101193e-08)
            (6.078000e+04    1.449280e-07)
            (6.584500e+04    2.629395e-07)
            (7.091000e+04    5.435248e-07)
            (7.597500e+04    1.216585e-06)
            (8.104000e+04    2.823631e-06)
            (8.610500e+04    6.868059e-06)
            (9.117000e+04    1.669833e-05)
            (9.623500e+04    3.421159e-05)
            (1.013000e+05    5.446321e-05)
            (1.063650e+05    7.862269e-05)
            (1.114300e+05    9.380972e-05)
            (1.164950e+05    1.195001e-04)
            (1.215600e+05    1.371294e-04)
            (1.266250e+05    1.511905e-04)
            (1.316900e+05    1.695882e-04)
            (1.367550e+05    2.136819e-04)
            (1.418200e+05    2.364898e-04)
            (1.468850e+05    2.539566e-04)
            (1.519500e+05    2.729741e-04)
            (1.570150e+05    3.509877e-04)
            (1.620800e+05    3.718993e-04)
            (1.671450e+05    3.957102e-04)
            (1.722100e+05    4.118508e-04)
            (1.772750e+05    5.359710e-04)
            (1.823400e+05    5.422631e-04)
            (1.874050e+05    5.640381e-04)
            (1.924700e+05    6.198126e-04)
            (1.975350e+05    7.706642e-04)
            (2.026000e+05    6.483987e-04)
            (2.076650e+05    7.353933e-04)
            (2.127300e+05    7.925906e-04)
            (2.177950e+05    8.455347e-04)
            (2.228600e+05    1.203986e-03)
            (2.279250e+05    1.148432e-03)
            (2.329900e+05    1.033438e-03)
            (2.380550e+05    1.018997e-03)
            (2.431200e+05    1.317712e-03)
            (2.481850e+05    1.412565e-03)
            (2.532500e+05    3.101222e-03)
        )
    )
    (
        1.6e-05
        (
            (1.013000e+04    1.843842e-09)
            (1.519500e+04    4.235985e-09)
            (2.026000e+04    7.758820e-09)
            (2.532500e+04    1.261345e-08)
            (3.039000e+04    1.910689e-08)
            (3.545500e+04    2.771391e-08)
            (4.052000e+04    3.921423e-08)
            (4.558500e+04    5.505487e-08)
            (5.065000e+04    7.840839e-08)
            (5.571500e+04    1.172544e-07)
            (6.078000e+04    1.926861e-07)
            (6.584500e+04    3.588115e-07)
            (7.091000e+04    7.449606e-07)
            (7.597500e+04    1.644174e-06)
            (8.104000e+04    3.767471e-06)
            (8.610500e+04    9.186659e-06)
            (9.117000e+04    2.082832e-05)
            (9.623500e+04    3.980642e-05)
            (1.013000e+05    6.183618e-05)
            (1.063650e+05    8.945083e-05)
            (1.114300e+05    1.107123e-04)
            (1.164950e+05    1.229121e-04)
            (1.215600e+05    1.406470e-04)
            (1.266250e+05    1.788485e-04)
            (1.316900e+05    1.972316e-04)
            (1.367550e+05    2.119599e-04)
            (1.418200e+05    2.281668e-04)
            (1.468850e+05    2.989740e-04)
            (1.519500e+05    3.247289e-04)
            (1.570150e+05    3.356861e-04)
            (1.620800e+05    3.753261e-04)
            (1.671450e+05    3.776854e-04)
            (1.722100e+05    5.028271e-04)
            (1.772750e+05    4.885848e-04)
            (1.823400e+05    5.514673e-04)
            (1.874050e+05    6.355338e-04)
            (1.924700e+05    7.523997e-04)
            (1.975350e+05    7.648763e-04)
            (2.026000e+05    7.195597e-04)
            (2.076650e+05    7.338737e-04)
            (2.127300e+05    1.017152e-03)
            (2.177950e+05    1.174870e-03)
            (2.228600e+05    1.225551e-03)
            (2.279250e+05    1.170334e-03)
            (2.329900e+05    1.264300e-03)
            (2.380550e+05    1.280982e-03)
            (2.431200e+05    1.293206e-03)
            (2.481850e+05    3.052156e-03)
            (2.532500e+05    3.108978e-03)
        )
    )
    (
        1.7e-05
        (
            (1.013000e+04    2.231454e-09)
            (1.519500e+04    5.128560e-09)
            (2.026000e+04    9.399558e-09)
            (2.532500e+04    1.529483e-08)
            (3.039000e+04    2.320043e-08)
            (3.545500e+04    3.372481e-08)
            (4.052000e+04    4.790357e-08)
            (4.558500e+04    6.775722e-08)
            (5.065000e+04    9.789374e-08)
            (5.571500e+04    1.499373e-07)
            (6.078000e+04    2.536649e-07)
            (6.584500e+04    4.818864e-07)
            (7.091000e+04    1.001110e-06)
            (7.597500e+04    2.182263e-06)
            (8.104000e+04    4.916273e-06)
            (8.610500e+04    1.140732e-05)
            (9.117000e+04    2.621089e-05)
            (9.623500e+04    4.398849e-05)
            (1.013000e+05    7.703800e-05)
            (1.063650e+05    9.438966e-05)
            (1.114300e+05    1.097571e-04)
            (1.164950e+05    1.498636e-04)
            (1.215600e+05    1.649457e-04)
            (1.266250e+05    1.770567e-04)
            (1.316900e+05    1.904746e-04)
            (1.367550e+05    2.512291e-04)
            (1.418200e+05    2.800455e-04)
            (1.468850e+05    2.887892e-04)
            (1.519500e+05    3.206373e-04)
            (1.570150e+05    3.300906e-04)
            (1.620800e+05    4.488954e-04)
            (1.671450e+05    4.505842e-04)
            (1.722100e+05    4.958037e-04)
            (1.772750e+05    5.070989e-04)
            (1.823400e+05    6.893214e-04)
            (1.874050e+05    7.142783e-04)
            (1.924700e+05    6.178997e-04)
            (1.975350e+05    7.455127e-04)
            (2.026000e+05    7.169093e-04)
            (2.076650e+05    1.132659e-03)
            (2.127300e+05    1.149023e-03)
            (2.177950e+05    1.197996e-03)
            (2.228600e+05    1.139533e-03)
            (2.279250e+05    9.189587e-04)
            (2.329900e+05    1.143482e-03)
            (2.380550e+05    1.324029e-03)
            (2.431200e+05    3.003599e-03)
            (2.481850e+05    3.059969e-03)
            (2.532500e+05    3.116301e-03)
        )
    )
    (
        1.8e-05
        (
            (1.013000e+04    2.670363e-09)
            (1.519500e+04    6.139881e-09)
            (2.026000e+04    1.126042e-08)
            (2.532500e+04    1.834059e-08)
            (3.039000e+04    2.786193e-08)
            (3.545500e+04    4.060077e-08)
            (4.052000e+04    5.793092e-08)
            (4.558500e+04    8.265701e-08)
            (5.065000e+04    1.213306e-07)
            (5.571500e+04    1.902889e-07)
            (6.078000e+04    3.298670e-07)
            (6.584500e+04    6.344545e-07)
            (7.091000e+04    1.313493e-06)
            (7.597500e+04    2.837957e-06)
            (8.104000e+04    6.418811e-06)
            (8.610500e+04    1.536662e-05)
            (9.117000e+04    2.849790e-05)
            (9.623500e+04    5.684685e-05)
            (1.013000e+05    7.551401e-05)
            (1.063650e+05    1.005140e-04)
            (1.114300e+05    1.367355e-04)
            (1.164950e+05    1.473754e-04)
            (1.215600e+05    1.589556e-04)
            (1.266250e+05    2.012958e-04)
            (1.316900e+05    2.402889e-04)
            (1.367550e+05    2.510436e-04)
            (1.418200e+05    2.714440e-04)
            (1.468850e+05    2.828317e-04)
            (1.519500e+05    3.932063e-04)
            (1.570150e+05    4.213192e-04)
            (1.620800e+05    4.051900e-04)
            (1.671450e+05    4.280093e-04)
            (1.722100e+05    4.589405e-04)
            (1.772750e+05    5.233574e-04)
            (1.823400e+05    6.917677e-04)
            (1.874050e+05    7.106898e-04)
            (1.924700e+05    6.693547e-04)
            (1.975350e+05    6.607719e-04)
            (2.026000e+05    1.107562e-03)
            (2.076650e+05    1.124196e-03)
            (2.127300e+05    1.133649e-03)
            (2.177950e+05    8.656155e-04)
            (2.228600e+05    9.715074e-04)
            (2.279250e+05    1.224437e-03)
            (2.329900e+05    8.044769e-04)
            (2.380550e+05    1.006319e-03)
            (2.431200e+05    3.011132e-03)
            (2.481850e+05    3.067571e-03)
            (2.532500e+05    3.123176e-03)
        )
    )
    (
        1.9e-05
        (
            (1.013000e+04    3.163690e-09)
            (1.519500e+04    7.277350e-09)
            (2.026000e+04    1.335560e-08)
            (2.532500e+04    2.177566e-08)
            (3.039000e+04    3.313426e-08)
            (3.545500e+04    4.841895e-08)
            (4.052000e+04    6.944973e-08)
            (4.558500e+04    1.000938e-07)
            (5.065000e+04    1.495319e-07)
            (5.571500e+04    2.403551e-07)
            (6.078000e+04    4.266383e-07)
            (6.584500e+04    8.307892e-07)
            (7.091000e+04    1.719079e-06)
            (7.597500e+04    3.683745e-06)
            (8.104000e+04    8.052664e-06)
            (8.610500e+04    1.710541e-05)
            (9.117000e+04    3.780341e-05)
            (9.623500e+04    5.614216e-05)
            (1.013000e+05    8.327259e-05)
            (1.063650e+05    1.177567e-04)
            (1.114300e+05    1.316224e-04)
            (1.164950e+05    1.439027e-04)
            (1.215600e+05    2.061250e-04)
            (1.266250e+05    2.192822e-04)
            (1.316900e+05    2.287597e-04)
            (1.367550e+05    2.547740e-04)
            (1.418200e+05    2.577170e-04)
            (1.468850e+05    3.728305e-04)
            (1.519500e+05    3.807734e-04)
            (1.570150e+05    3.710580e-04)
            (1.620800e+05    4.014158e-04)
            (1.671450e+05    4.944891e-04)
            (1.722100e+05    6.341881e-04)
            (1.772750e+05    6.526179e-04)
            (1.823400e+05    6.264920e-04)
            (1.874050e+05    5.652442e-04)
            (1.924700e+05    7.095290e-04)
            (1.975350e+05    1.080267e-03)
            (2.026000e+05    1.093084e-03)
            (2.076650e+05    1.103428e-03)
            (2.127300e+05    8.467691e-04)
            (2.177950e+05    1.145982e-03)
            (2.228600e+05    1.189646e-03)
            (2.279250e+05    1.179324e-03)
            (2.329900e+05    1.009508e-03)
            (2.380550e+05    2.962497e-03)
            (2.431200e+05    3.019023e-03)
            (2.481850e+05    3.074745e-03)
            (2.532500e+05    3.130480e-03)
        )
    )
    (
        2e-05
        (
            (1.013000e+04    3.714493e-09)
            (1.519500e+04    8.548217e-09)
            (2.026000e+04    1.569915e-08)
            (2.532500e+04    2.562509e-08)
            (3.039000e+04    3.906174e-08)
            (3.545500e+04    5.726157e-08)
            (4.052000e+04    8.261796e-08)
            (4.558500e+04    1.203409e-07)
            (5.065000e+04    1.827435e-07)
            (5.571500e+04    2.992576e-07)
            (6.078000e+04    5.375802e-07)
            (6.584500e+04    1.045274e-06)
            (7.091000e+04    2.135174e-06)
            (7.597500e+04    4.496590e-06)
            (8.104000e+04    9.871888e-06)
            (8.610500e+04    2.364187e-05)
            (9.117000e+04    3.847363e-05)
            (9.623500e+04    5.750637e-05)
            (1.013000e+05    9.763145e-05)
            (1.063650e+05    1.135822e-04)
            (1.114300e+05    1.724602e-04)
            (1.164950e+05    1.905818e-04)
            (1.215600e+05    1.949562e-04)
            (1.266250e+05    2.165747e-04)
            (1.316900e+05    2.258982e-04)
            (1.367550e+05    3.257245e-04)
            (1.418200e+05    3.495207e-04)
            (1.468850e+05    3.618140e-04)
            (1.519500e+05    3.471884e-04)
            (1.570150e+05    4.036373e-04)
            (1.620800e+05    5.449339e-04)
            (1.671450e+05    6.041286e-04)
            (1.722100e+05    6.299446e-04)
            (1.772750e+05    5.325797e-04)
            (1.823400e+05    6.809145e-04)
            (1.874050e+05    6.679142e-04)
            (1.924700e+05    7.474829e-04)
            (1.975350e+05    1.057101e-03)
            (2.026000e+05    8.762330e-04)
            (2.076650e+05    1.116381e-03)
            (2.127300e+05    7.558415e-04)
            (2.177950e+05    1.040713e-03)
            (2.228600e+05    1.042800e-03)
            (2.279250e+05    9.662745e-04)
            (2.329900e+05    2.914243e-03)
            (2.380550e+05    2.970718e-03)
            (2.431200e+05    3.026484e-03)
            (2.481850e+05    3.082139e-03)
            (2.532500e+05    3.135928e-03)
        )
    )
    (
        2.1e-05
        (
            (1.013000e+04    4.325710e-09)
            (1.519500e+04    9.959518e-09)
            (2.026000e+04    1.830486e-08)
            (2.532500e+04    2.991401e-08)
            (3.039000e+04    4.569119e-08)
            (3.545500e+04    6.722692e-08)
            (4.052000e+04    9.768469e-08)
            (4.558500e+04    1.441408e-07)
            (5.065000e+04    2.233545e-07)
            (5.571500e+04    3.747150e-07)
            (6.078000e+04    6.868571e-07)
            (6.584500e+04    1.351159e-06)
            (7.091000e+04    2.784021e-06)
            (7.597500e+04    5.975715e-06)
            (8.104000e+04    1.318081e-05)
            (8.610500e+04    2.423928e-05)
            (9.117000e+04    4.012183e-05)
            (9.623500e+04    7.788920e-05)
            (1.013000e+05    9.328658e-05)
            (1.063650e+05    1.585617e-04)
            (1.114300e+05    1.690281e-04)
            (1.164950e+05    1.745273e-04)
            (1.215600e+05    2.062271e-04)
            (1.266250e+05    2.027692e-04)
            (1.316900e+05    3.091847e-04)
            (1.367550e+05    3.192833e-04)
            (1.418200e+05    3.129526e-04)
            (1.468850e+05    3.637260e-04)
            (1.519500e+05    4.263870e-04)
            (1.570150e+05    5.512026e-04)
            (1.620800e+05    5.720957e-04)
            (1.671450e+05    4.537530e-04)
            (1.722100e+05    5.977763e-04)
            (1.772750e+05    6.517518e-04)
            (1.823400e+05    5.664225e-04)
            (1.874050e+05    7.228614e-04)
            (1.924700e+05    1.027287e-03)
            (1.975350e+05    8.905245e-04)
            (2.026000e+05    6.930732e-04)
            (2.076650e+05    9.378398e-04)
            (2.127300e+05    8.448566e-04)
            (2.177950e+05    1.211029e-03)
            (2.228600e+05    1.238022e-03)
            (2.279250e+05    2.866585e-03)
            (2.329900e+05    2.922605e-03)
            (2.380550e+05    2.978448e-03)
            (2.431200e+05    3.033459e-03)
            (2.481850e+05    3.087989e-03)
            (2.532500e+05    3.140877e-03)
        )
    )
    (
        2.2e-05
        (
            (1.013000e+04    5.000149e-09)
            (1.519500e+04    1.151802e-08)
            (2.026000e+04    2.118618e-08)
            (2.532500e+04    3.466740e-08)
            (3.039000e+04    5.306922e-08)
            (3.545500e+04    7.840276e-08)
            (4.052000e+04    1.147992e-07)
            (4.558500e+04    1.716429e-07)
            (5.065000e+04    2.710144e-07)
            (5.571500e+04    4.637447e-07)
            (6.078000e+04    8.613094e-07)
            (6.584500e+04    1.697924e-06)
            (7.091000e+04    3.456930e-06)
            (7.597500e+04    7.076001e-06)
            (8.104000e+04    1.389345e-05)
            (8.610500e+04    2.729262e-05)
            (9.117000e+04    5.729701e-05)
            (9.623500e+04    7.100980e-05)
            (1.013000e+05    8.632682e-05)
            (1.063650e+05    1.452002e-04)
            (1.114300e+05    1.531053e-04)
            (1.164950e+05    1.762029e-04)
            (1.215600e+05    2.703178e-04)
            (1.266250e+05    2.906059e-04)
            (1.316900e+05    2.809900e-04)
            (1.367550e+05    3.225732e-04)
            (1.418200e+05    3.477401e-04)
            (1.468850e+05    4.067234e-04)
            (1.519500e+05    3.748513e-04)
            (1.570150e+05    5.405192e-04)
            (1.620800e+05    3.889439e-04)
            (1.671450e+05    5.308395e-04)
            (1.722100e+05    6.206754e-04)
            (1.772750e+05    6.814812e-04)
            (1.823400e+05    1.002321e-03)
            (1.874050e+05    1.005954e-03)
            (1.924700e+05    1.036878e-03)
            (1.975350e+05    8.210329e-04)
            (2.026000e+05    1.089382e-03)
            (2.076650e+05    1.129228e-03)
            (2.127300e+05    1.106687e-03)
            (2.177950e+05    1.163706e-03)
            (2.228600e+05    2.815946e-03)
            (2.279250e+05    2.874727e-03)
            (2.329900e+05    2.930647e-03)
            (2.380550e+05    2.985802e-03)
            (2.431200e+05    3.040229e-03)
            (2.481850e+05    3.095323e-03)
            (2.532500e+05    3.148180e-03)
        )
    )
    (
        2.3e-05
        (
            (1.013000e+04    5.740467e-09)
            (1.519500e+04    1.323021e-08)
            (2.026000e+04    2.435618e-08)
            (2.532500e+04    3.991035e-08)
            (3.039000e+04    6.124485e-08)
            (3.545500e+04    9.088304e-08)
            (4.052000e+04    1.340992e-07)
            (4.558500e+04    2.028014e-07)
            (5.065000e+04    3.242741e-07)
            (5.571500e+04    5.590655e-07)
            (6.078000e+04    1.034923e-06)
            (6.584500e+04    2.010249e-06)
            (7.091000e+04    4.000406e-06)
            (7.597500e+04    8.076398e-06)
            (8.104000e+04    1.765524e-05)
            (8.610500e+04    3.866827e-05)
            (9.117000e+04    5.176810e-05)
            (9.623500e+04    6.599129e-05)
            (1.013000e+05    1.289149e-04)
            (1.063650e+05    1.347139e-04)
            (1.114300e+05    1.644248e-04)
            (1.164950e+05    2.567699e-04)
            (1.215600e+05    2.679629e-04)
            (1.266250e+05    2.846111e-04)
            (1.316900e+05    2.757874e-04)
            (1.367550e+05    3.161906e-04)
            (1.418200e+05    3.933270e-04)
            (1.468850e+05    3.912458e-04)
            (1.519500e+05    5.196743e-04)
            (1.570150e+05    5.385936e-04)
            (1.620800e+05    4.757994e-04)
            (1.671450e+05    5.988252e-04)
            (1.722100e+05    5.430977e-04)
            (1.772750e+05    8.578674e-04)
            (1.823400e+05    9.864272e-04)
            (1.874050e+05    6.944608e-04)
            (1.924700e+05    1.007901e-03)
            (1.975350e+05    9.509277e-04)
            (2.026000e+05    1.057048e-03)
            (2.076650e+05    7.806888e-04)
            (2.127300e+05    1.156258e-03)
            (2.177950e+05    1.053085e-03)
            (2.228600e+05    2.827218e-03)
            (2.279250e+05    2.883135e-03)
            (2.329900e+05    2.938305e-03)
            (2.380550e+05    2.992547e-03)
            (2.431200e+05    3.046837e-03)
            (2.481850e+05    3.100343e-03)
            (2.532500e+05    3.153735e-03)
        )
    )
    (
        2.4e-05
        (
            (1.013000e+04    6.549141e-09)
            (1.519500e+04    1.510217e-08)
            (2.026000e+04    2.782750e-08)
            (2.532500e+04    4.566883e-08)
            (3.039000e+04    7.027920e-08)
            (3.545500e+04    1.048474e-07)
            (4.052000e+04    1.562028e-07)
            (4.558500e+04    2.398240e-07)
            (5.065000e+04    3.907270e-07)
            (5.571500e+04    6.852526e-07)
            (6.078000e+04    1.283191e-06)
            (6.584500e+04    2.515902e-06)
            (7.091000e+04    5.119343e-06)
            (7.597500e+04    1.111197e-05)
            (8.104000e+04    2.393380e-05)
            (8.610500e+04    3.552123e-05)
            (9.117000e+04    4.837985e-05)
            (9.623500e+04    1.106771e-04)
            (1.013000e+05    1.190271e-04)
            (1.063650e+05    1.423017e-04)
            (1.114300e+05    2.401126e-04)
            (1.164950e+05    2.486357e-04)
            (1.215600e+05    2.309159e-04)
            (1.266250e+05    2.501541e-04)
            (1.316900e+05    2.938909e-04)
            (1.367550e+05    2.987992e-04)
            (1.418200e+05    4.818970e-04)
            (1.468850e+05    4.745383e-04)
            (1.519500e+05    4.248283e-04)
            (1.570150e+05    4.893737e-04)
            (1.620800e+05    5.698486e-04)
            (1.671450e+05    6.079873e-04)
            (1.722100e+05    9.476286e-04)
            (1.772750e+05    9.588891e-04)
            (1.823400e+05    9.831038e-04)
            (1.874050e+05    4.913278e-04)
            (1.924700e+05    9.526463e-04)
            (1.975350e+05    8.095487e-04)
            (2.026000e+05    1.062486e-03)
            (2.076650e+05    9.024748e-04)
            (2.127300e+05    1.084573e-03)
            (2.177950e+05    2.780235e-03)
            (2.228600e+05    2.835858e-03)
            (2.279250e+05    2.891065e-03)
            (2.329900e+05    2.945752e-03)
            (2.380550e+05    2.999559e-03)
            (2.431200e+05    3.052929e-03)
            (2.481850e+05    3.106192e-03)
            (2.532500e+05    3.158224e-03)
        )
    )
    (
        2.5e-05
        (
            (1.013000e+04    7.428455e-09)
            (1.519500e+04    1.713960e-08)
            (2.026000e+04    3.161225e-08)
            (2.532500e+04    5.196831e-08)
            (3.039000e+04    8.023135e-08)
            (3.545500e+04    1.204536e-07)
            (4.052000e+04    1.815804e-07)
            (4.558500e+04    2.841671e-07)
            (5.065000e+04    4.747552e-07)
            (5.571500e+04    8.545547e-07)
            (6.078000e+04    1.636318e-06)
            (6.584500e+04    3.267415e-06)
            (7.091000e+04    6.698426e-06)
            (7.597500e+04    1.331337e-05)
            (8.104000e+04    2.248392e-05)
            (8.610500e+04    3.381935e-05)
            (9.117000e+04    8.751925e-05)
            (9.623500e+04    1.012532e-04)
            (1.013000e+05    1.277417e-04)
            (1.063650e+05    2.213224e-04)
            (1.114300e+05    2.280264e-04)
            (1.164950e+05    2.455177e-04)
            (1.215600e+05    2.264572e-04)
            (1.266250e+05    2.829289e-04)
            (1.316900e+05    3.621286e-04)
            (1.367550e+05    4.602484e-04)
            (1.418200e+05    4.736103e-04)
            (1.468850e+05    4.131543e-04)
            (1.519500e+05    4.610413e-04)
            (1.570150e+05    5.412269e-04)
            (1.620800e+05    5.602670e-04)
            (1.671450e+05    7.721323e-04)
            (1.722100e+05    9.312302e-04)
            (1.772750e+05    7.580075e-04)
            (1.823400e+05    4.810961e-04)
            (1.874050e+05    9.880342e-04)
            (1.924700e+05    7.790243e-04)
            (1.975350e+05    1.047303e-03)
            (2.026000e+05    1.135398e-03)
            (2.076650e+05    1.148242e-03)
            (2.127300e+05    2.732519e-03)
            (2.177950e+05    2.788832e-03)
            (2.228600e+05    2.844098e-03)
            (2.279250e+05    2.898527e-03)
            (2.329900e+05    1.303059e-03)
            (2.380550e+05    3.005742e-03)
            (2.431200e+05    3.058989e-03)
            (2.481850e+05    3.111506e-03)
            (2.532500e+05    3.163336e-03)
        )
    )
    (
        2.6e-05
        (
            (1.013000e+04    8.380494e-09)
            (1.519500e+04    1.934778e-08)
            (2.026000e+04    3.572185e-08)
            (2.532500e+04    5.883163e-08)
            (3.039000e+04    9.113438e-08)
            (3.545500e+04    1.376681e-07)
            (4.052000e+04    2.096552e-07)
            (4.558500e+04    3.326728e-07)
            (5.065000e+04    5.634702e-07)
            (5.571500e+04    1.021823e-06)
            (6.078000e+04    1.947288e-06)
            (6.584500e+04    3.788365e-06)
            (7.091000e+04    7.253960e-06)
            (7.597500e+04    1.307808e-05)
            (8.104000e+04    2.246504e-05)
            (8.610500e+04    6.068160e-05)
            (9.117000e+04    7.936400e-05)
            (9.623500e+04    8.805469e-05)
            (1.013000e+05    1.068561e-04)
            (1.063650e+05    2.132376e-04)
            (1.114300e+05    2.246177e-04)
            (1.164950e+05    2.453647e-04)
            (1.215600e+05    2.520283e-04)
            (1.266250e+05    4.179838e-04)
            (1.316900e+05    4.383370e-04)
            (1.367550e+05    4.562379e-04)
            (1.418200e+05    3.727689e-04)
            (1.468850e+05    3.873645e-04)
            (1.519500e+05    5.189773e-04)
            (1.570150e+05    5.495211e-04)
            (1.620800e+05    4.839972e-04)
            (1.671450e+05    9.079836e-04)
            (1.722100e+05    8.519014e-04)
            (1.772750e+05    8.991467e-04)
            (1.823400e+05    9.743489e-04)
            (1.874050e+05    9.755260e-04)
            (1.924700e+05    7.488702e-04)
            (1.975350e+05    8.760304e-04)
            (2.026000e+05    8.201121e-04)
            (2.076650e+05    1.000544e-03)
            (2.127300e+05    2.742222e-03)
            (2.177950e+05    2.797375e-03)
            (2.228600e+05    2.851884e-03)
            (2.279250e+05    2.910470e-03)
            (2.329900e+05    2.958723e-03)
            (2.380550e+05    3.011834e-03)
            (2.431200e+05    3.064568e-03)
            (2.481850e+05    3.116202e-03)
            (2.532500e+05    3.168580e-03)
        )
    )
);
