// A characteristic map for 
// VAv(REqu, pAc)
// data(
//     equilibrium radius,
//     acoustic pressure amplitude
// )
//
// Loaded via transportProperties.
//
// Table structure:
//  (
//      REqu 1
//      (
//          (pAc 1     VAv 1)
//          (pAc 2     VAv 2)
//          (...)
//      )
//      REqu 2
//      (...
//      )
//  )
(
    (
        1e-06
        (
            (1.013000e+04    4.279200e-18)
            (1.519500e+04    4.287154e-18)
            (2.026000e+04    4.298381e-18)
            (2.532500e+04    4.312975e-18)
            (3.039000e+04    4.331062e-18)
            (3.545500e+04    4.352801e-18)
            (4.052000e+04    4.378391e-18)
            (4.558500e+04    4.408076e-18)
            (5.065000e+04    4.442151e-18)
            (5.571500e+04    4.480975e-18)
            (6.078000e+04    4.524983e-18)
            (6.584500e+04    4.574700e-18)
            (7.091000e+04    4.630771e-18)
            (7.597500e+04    4.693985e-18)
            (8.104000e+04    4.765324e-18)
            (8.610500e+04    4.846022e-18)
            (9.117000e+04    4.937652e-18)
            (9.623500e+04    5.042261e-18)
            (1.013000e+05    5.162572e-18)
            (1.063650e+05    5.302317e-18)
            (1.114300e+05    5.466795e-18)
            (1.164950e+05    5.663909e-18)
            (1.215600e+05    5.906239e-18)
            (1.266250e+05    6.215822e-18)
            (1.316900e+05    6.637730e-18)
            (1.367550e+05    7.298570e-18)
            (1.418200e+05    4.856976e-16)
            (1.468850e+05    2.945494e-14)
            (1.519500e+05    8.099790e-14)
            (1.570150e+05    1.555674e-13)
            (1.620800e+05    2.545169e-13)
            (1.671450e+05    3.791435e-13)
            (1.722100e+05    5.306066e-13)
            (1.772750e+05    7.099202e-13)
            (1.823400e+05    9.179623e-13)
            (1.874050e+05    1.155489e-12)
            (1.924700e+05    1.423147e-12)
            (1.975350e+05    1.721489e-12)
            (2.026000e+05    2.050979e-12)
            (2.076650e+05    2.412010e-12)
            (2.127300e+05    2.804908e-12)
            (2.177950e+05    3.229940e-12)
            (2.228600e+05    3.687325e-12)
            (2.279250e+05    4.177238e-12)
            (2.329900e+05    4.699815e-12)
            (2.380550e+05    5.255159e-12)
            (2.431200e+05    5.843347e-12)
            (2.481850e+05    6.464429e-12)
            (2.532500e+05    7.118437e-12)
        )
    )
    (
        2e-06
        (
            (1.013000e+04    3.446930e-17)
            (1.519500e+04    3.458029e-17)
            (2.026000e+04    3.473777e-17)
            (2.532500e+04    3.494392e-17)
            (3.039000e+04    3.520170e-17)
            (3.545500e+04    3.551498e-17)
            (4.052000e+04    3.588873e-17)
            (4.558500e+04    3.632928e-17)
            (5.065000e+04    3.684465e-17)
            (5.571500e+04    3.744509e-17)
            (6.078000e+04    3.814382e-17)
            (6.584500e+04    3.895807e-17)
            (7.091000e+04    3.991075e-17)
            (7.597500e+04    4.103301e-17)
            (8.104000e+04    4.236852e-17)
            (8.610500e+04    4.398093e-17)
            (9.117000e+04    4.596783e-17)
            (9.623500e+04    4.848998e-17)
            (1.013000e+05    5.184123e-17)
            (1.063650e+05    5.666256e-17)
            (1.114300e+05    6.509681e-17)
            (1.164950e+05    1.129374e-16)
            (1.215600e+05    1.862842e-15)
            (1.266250e+05    1.134274e-14)
            (1.316900e+05    3.282883e-14)
            (1.367550e+05    6.940234e-14)
            (1.418200e+05    1.236811e-13)
            (1.468850e+05    1.979227e-13)
            (1.519500e+05    2.940794e-13)
            (1.570150e+05    4.138393e-13)
            (1.620800e+05    5.586612e-13)
            (1.671450e+05    7.298047e-13)
            (1.722100e+05    9.283558e-13)
            (1.772750e+05    1.155250e-12)
            (1.823400e+05    1.411291e-12)
            (1.874050e+05    1.697168e-12)
            (1.924700e+05    2.013470e-12)
            (1.975350e+05    2.360703e-12)
            (2.026000e+05    2.739293e-12)
            (2.076650e+05    3.149600e-12)
            (2.127300e+05    3.591926e-12)
            (2.177950e+05    4.066523e-12)
            (2.228600e+05    4.573597e-12)
            (2.279250e+05    5.113318e-12)
            (2.329900e+05    5.685824e-12)
            (2.380550e+05    6.291224e-12)
            (2.431200e+05    6.929607e-12)
            (2.481850e+05    7.601044e-12)
            (2.532500e+05    8.305591e-12)
        )
    )
    (
        3e-06
        (
            (1.013000e+04    1.167416e-16)
            (1.519500e+04    1.172112e-16)
            (2.026000e+04    1.178793e-16)
            (2.532500e+04    1.187573e-16)
            (3.039000e+04    1.198605e-16)
            (3.545500e+04    1.212097e-16)
            (4.052000e+04    1.228315e-16)
            (4.558500e+04    1.247608e-16)
            (5.065000e+04    1.270428e-16)
            (5.571500e+04    1.297372e-16)
            (6.078000e+04    1.329233e-16)
            (6.584500e+04    1.367095e-16)
            (7.091000e+04    1.412472e-16)
            (7.597500e+04    1.467566e-16)
            (8.104000e+04    1.535728e-16)
            (8.610500e+04    1.622409e-16)
            (9.117000e+04    1.737392e-16)
            (9.623500e+04    1.901476e-16)
            (1.013000e+05    2.181028e-16)
            (1.063650e+05    3.054402e-16)
            (1.114300e+05    9.386023e-16)
            (1.164950e+05    4.480071e-15)
            (1.215600e+05    1.503219e-14)
            (1.266250e+05    3.637126e-14)
            (1.316900e+05    7.166445e-14)
            (1.367550e+05    1.236579e-13)
            (1.418200e+05    1.947404e-13)
            (1.468850e+05    2.869892e-13)
            (1.519500e+05    4.022075e-13)
            (1.570150e+05    5.419586e-13)
            (1.620800e+05    7.075953e-13)
            (1.671450e+05    9.002864e-13)
            (1.722100e+05    1.121041e-12)
            (1.772750e+05    1.370727e-12)
            (1.823400e+05    1.650093e-12)
            (1.874050e+05    1.959780e-12)
            (1.924700e+05    2.300335e-12)
            (1.975350e+05    2.672225e-12)
            (2.026000e+05    3.075846e-12)
            (2.076650e+05    3.511536e-12)
            (2.127300e+05    3.979581e-12)
            (2.177950e+05    4.480213e-12)
            (2.228600e+05    5.013632e-12)
            (2.279250e+05    5.580039e-12)
            (2.329900e+05    6.179445e-12)
            (2.380550e+05    6.811860e-12)
            (2.431200e+05    7.478199e-12)
            (2.481850e+05    8.179249e-12)
            (2.532500e+05    8.912258e-12)
        )
    )
    (
        4e-06
        (
            (1.013000e+04    2.773081e-16)
            (1.519500e+04    2.785675e-16)
            (2.026000e+04    2.803625e-16)
            (2.532500e+04    2.827270e-16)
            (3.039000e+04    2.857077e-16)
            (3.545500e+04    2.893669e-16)
            (4.052000e+04    2.937871e-16)
            (4.558500e+04    2.990764e-16)
            (5.065000e+04    3.053780e-16)
            (5.571500e+04    3.128838e-16)
            (6.078000e+04    3.218561e-16)
            (6.584500e+04    3.326628e-16)
            (7.091000e+04    3.458381e-16)
            (7.597500e+04    3.621968e-16)
            (8.104000e+04    3.830666e-16)
            (8.610500e+04    4.108508e-16)
            (9.117000e+04    4.508756e-16)
            (9.623500e+04    5.211230e-16)
            (1.013000e+05    7.174143e-16)
            (1.063650e+05    1.539865e-15)
            (1.114300e+05    4.704218e-15)
            (1.164950e+05    1.320774e-14)
            (1.215600e+05    3.083323e-14)
            (1.266250e+05    6.087698e-14)
            (1.316900e+05    1.062533e-13)
            (1.367550e+05    1.695280e-13)
            (1.418200e+05    2.529479e-13)
            (1.468850e+05    3.584721e-13)
            (1.519500e+05    4.878043e-13)
            (1.570150e+05    6.424224e-13)
            (1.620800e+05    8.236055e-13)
            (1.671450e+05    1.032459e-12)
            (1.722100e+05    1.269937e-12)
            (1.772750e+05    1.536861e-12)
            (1.823400e+05    1.833936e-12)
            (1.874050e+05    2.161769e-12)
            (1.924700e+05    2.520879e-12)
            (1.975350e+05    2.911709e-12)
            (2.026000e+05    3.334632e-12)
            (2.076650e+05    3.789964e-12)
            (2.127300e+05    4.277970e-12)
            (2.177950e+05    4.798883e-12)
            (2.228600e+05    5.352947e-12)
            (2.279250e+05    5.940568e-12)
            (2.329900e+05    6.562724e-12)
            (2.380550e+05    7.221606e-12)
            (2.431200e+05    7.920559e-12)
            (2.481850e+05    8.660076e-12)
            (2.532500e+05    9.412377e-12)
        )
    )
    (
        5e-06
        (
            (1.013000e+04    5.423883e-16)
            (1.519500e+04    5.450484e-16)
            (2.026000e+04    5.488444e-16)
            (2.532500e+04    5.538530e-16)
            (3.039000e+04    5.601807e-16)
            (3.545500e+04    5.679704e-16)
            (4.052000e+04    5.774121e-16)
            (4.558500e+04    5.887578e-16)
            (5.065000e+04    6.023450e-16)
            (5.571500e+04    6.186329e-16)
            (6.078000e+04    6.382599e-16)
            (6.584500e+04    6.621428e-16)
            (7.091000e+04    6.916561e-16)
            (7.597500e+04    7.289929e-16)
            (8.104000e+04    7.780171e-16)
            (8.610500e+04    8.469540e-16)
            (9.117000e+04    9.602607e-16)
            (9.623500e+04    1.216426e-15)
            (1.013000e+05    1.991677e-15)
            (1.063650e+05    4.532987e-15)
            (1.114300e+05    1.089954e-14)
            (1.164950e+05    2.430003e-14)
            (1.215600e+05    4.830440e-14)
            (1.266250e+05    8.600182e-14)
            (1.316900e+05    1.401514e-13)
            (1.367550e+05    2.131939e-13)
            (1.418200e+05    3.072712e-13)
            (1.468850e+05    4.242533e-13)
            (1.519500e+05    5.657671e-13)
            (1.570150e+05    7.332228e-13)
            (1.620800e+05    9.278401e-13)
            (1.671450e+05    1.150677e-12)
            (1.722100e+05    1.402647e-12)
            (1.772750e+05    1.684532e-12)
            (1.823400e+05    1.996983e-12)
            (1.874050e+05    2.340547e-12)
            (1.924700e+05    2.715733e-12)
            (1.975350e+05    3.123122e-12)
            (2.026000e+05    3.563388e-12)
            (2.076650e+05    4.036782e-12)
            (2.127300e+05    4.541702e-12)
            (2.177950e+05    5.075169e-12)
            (2.228600e+05    5.643895e-12)
            (2.279250e+05    6.266317e-12)
            (2.329900e+05    6.933478e-12)
            (2.380550e+05    7.526509e-12)
            (2.431200e+05    8.229191e-12)
            (2.481850e+05    9.129029e-12)
            (2.532500e+05    1.007424e-11)
        )
    )
    (
        6e-06
        (
            (1.013000e+04    9.382047e-16)
            (1.519500e+04    9.430581e-16)
            (2.026000e+04    9.499902e-16)
            (2.532500e+04    9.591485e-16)
            (3.039000e+04    9.707377e-16)
            (3.545500e+04    9.850343e-16)
            (4.052000e+04    1.002408e-15)
            (4.558500e+04    1.023352e-15)
            (5.065000e+04    1.048537e-15)
            (5.571500e+04    1.078881e-15)
            (6.078000e+04    1.115684e-15)
            (6.584500e+04    1.160853e-15)
            (7.091000e+04    1.217343e-15)
            (7.597500e+04    1.290147e-15)
            (8.104000e+04    1.389141e-15)
            (8.610500e+04    1.539666e-15)
            (9.117000e+04    1.824851e-15)
            (9.623500e+04    2.519357e-15)
            (1.013000e+05    4.438290e-15)
            (1.063650e+05    9.306744e-15)
            (1.114300e+05    1.919621e-14)
            (1.164950e+05    3.747422e-14)
            (1.215600e+05    6.758266e-14)
            (1.266250e+05    1.124779e-13)
            (1.316900e+05    1.748013e-13)
            (1.367550e+05    2.568973e-13)
            (1.418200e+05    3.608177e-13)
            (1.468850e+05    4.883575e-13)
            (1.519500e+05    6.410977e-13)
            (1.570150e+05    8.203440e-13)
            (1.620800e+05    1.027320e-12)
            (1.671450e+05    1.263089e-12)
            (1.722100e+05    1.528226e-12)
            (1.772750e+05    1.823897e-12)
            (1.823400e+05    2.151011e-12)
            (1.874050e+05    2.508318e-12)
            (1.924700e+05    2.897867e-12)
            (1.975350e+05    3.324237e-12)
            (2.026000e+05    3.776983e-12)
            (2.076650e+05    4.256134e-12)
            (2.127300e+05    4.799625e-12)
            (2.177950e+05    5.349972e-12)
            (2.228600e+05    5.892025e-12)
            (2.279250e+05    6.622133e-12)
            (2.329900e+05    7.101581e-12)
            (2.380550e+05    7.906911e-12)
            (2.431200e+05    8.963574e-12)
            (2.481850e+05    9.342637e-12)
            (2.532500e+05    1.064553e-11)
        )
    )
    (
        7e-06
        (
            (1.013000e+04    1.490982e-15)
            (1.519500e+04    1.499005e-15)
            (2.026000e+04    1.510473e-15)
            (2.532500e+04    1.525639e-15)
            (3.039000e+04    1.544855e-15)
            (3.545500e+04    1.568601e-15)
            (4.052000e+04    1.597518e-15)
            (4.558500e+04    1.632473e-15)
            (5.065000e+04    1.674645e-15)
            (5.571500e+04    1.725678e-15)
            (6.078000e+04    1.787929e-15)
            (6.584500e+04    1.864943e-15)
            (7.091000e+04    1.962443e-15)
            (7.597500e+04    2.090923e-15)
            (8.104000e+04    2.273944e-15)
            (8.610500e+04    2.577113e-15)
            (9.117000e+04    3.195954e-15)
            (9.623500e+04    4.645761e-15)
            (1.013000e+05    8.261654e-15)
            (1.063650e+05    1.585564e-14)
            (1.114300e+05    2.952568e-14)
            (1.164950e+05    5.273355e-14)
            (1.215600e+05    8.884539e-14)
            (1.266250e+05    1.407350e-13)
            (1.316900e+05    2.109232e-13)
            (1.367550e+05    3.017060e-13)
            (1.418200e+05    4.150170e-13)
            (1.468850e+05    5.526163e-13)
            (1.519500e+05    7.160747e-13)
            (1.570150e+05    9.063659e-13)
            (1.620800e+05    1.125536e-12)
            (1.671450e+05    1.372530e-12)
            (1.722100e+05    1.651954e-12)
            (1.772750e+05    1.958767e-12)
            (1.823400e+05    2.299925e-12)
            (1.874050e+05    2.674553e-12)
            (1.924700e+05    3.068383e-12)
            (1.975350e+05    3.528601e-12)
            (2.026000e+05    3.960294e-12)
            (2.076650e+05    4.504796e-12)
            (2.127300e+05    5.015053e-12)
            (2.177950e+05    5.584719e-12)
            (2.228600e+05    6.359937e-12)
            (2.279250e+05    6.790065e-12)
            (2.329900e+05    7.857096e-12)
            (2.380550e+05    8.215641e-12)
            (2.431200e+05    9.603468e-12)
            (2.481850e+05    9.978069e-12)
            (2.532500e+05    1.204322e-11)
        )
    )
    (
        8e-06
        (
            (1.013000e+04    2.226946e-15)
            (1.519500e+04    2.239301e-15)
            (2.026000e+04    2.256972e-15)
            (2.532500e+04    2.280361e-15)
            (3.039000e+04    2.310029e-15)
            (3.545500e+04    2.346742e-15)
            (4.052000e+04    2.391534e-15)
            (4.558500e+04    2.445803e-15)
            (5.065000e+04    2.511475e-15)
            (5.571500e+04    2.591259e-15)
            (6.078000e+04    2.689116e-15)
            (6.584500e+04    2.811181e-15)
            (7.091000e+04    2.967942e-15)
            (7.597500e+04    3.180438e-15)
            (8.104000e+04    3.499610e-15)
            (8.610500e+04    4.062877e-15)
            (9.117000e+04    5.221247e-15)
            (9.623500e+04    7.809523e-15)
            (1.013000e+05    1.356686e-14)
            (1.063650e+05    2.422575e-14)
            (1.114300e+05    4.192255e-14)
            (1.164950e+05    7.013874e-14)
            (1.215600e+05    1.122814e-13)
            (1.266250e+05    1.710075e-13)
            (1.316900e+05    2.490419e-13)
            (1.367550e+05    3.480753e-13)
            (1.418200e+05    4.709092e-13)
            (1.468850e+05    6.176630e-13)
            (1.519500e+05    7.924406e-13)
            (1.570150e+05    9.920831e-13)
            (1.620800e+05    1.224929e-12)
            (1.671450e+05    1.480173e-12)
            (1.722100e+05    1.777666e-12)
            (1.772750e+05    2.087322e-12)
            (1.823400e+05    2.459985e-12)
            (1.874050e+05    2.814941e-12)
            (1.924700e+05    3.284030e-12)
            (1.975350e+05    3.661646e-12)
            (2.026000e+05    4.266861e-12)
            (2.076650e+05    4.633992e-12)
            (2.127300e+05    5.433962e-12)
            (2.177950e+05    5.780798e-12)
            (2.228600e+05    6.817871e-12)
            (2.279250e+05    7.013615e-12)
            (2.329900e+05    7.352019e-12)
            (2.380550e+05    7.747893e-12)
            (2.431200e+05    8.825262e-12)
            (2.481850e+05    1.143942e-11)
            (2.532500e+05    1.114682e-11)
        )
    )
    (
        9e-06
        (
            (1.013000e+04    3.172325e-15)
            (1.519500e+04    3.190364e-15)
            (2.026000e+04    3.216176e-15)
            (2.532500e+04    3.250366e-15)
            (3.039000e+04    3.293778e-15)
            (3.545500e+04    3.347567e-15)
            (4.052000e+04    3.413300e-15)
            (4.558500e+04    3.493113e-15)
            (5.065000e+04    3.589967e-15)
            (5.571500e+04    3.708089e-15)
            (6.078000e+04    3.853793e-15)
            (6.584500e+04    4.037257e-15)
            (7.091000e+04    4.277059e-15)
            (7.597500e+04    4.613061e-15)
            (8.104000e+04    5.142500e-15)
            (8.610500e+04    6.105664e-15)
            (9.117000e+04    8.042190e-15)
            (9.623500e+04    1.220488e-14)
            (1.013000e+05    2.045532e-14)
            (1.063650e+05    3.448560e-14)
            (1.114300e+05    5.646436e-14)
            (1.164950e+05    8.975831e-14)
            (1.215600e+05    1.380950e-13)
            (1.266250e+05    2.034565e-13)
            (1.316900e+05    2.894375e-13)
            (1.367550e+05    3.967022e-13)
            (1.418200e+05    5.280612e-13)
            (1.468850e+05    6.862859e-13)
            (1.519500e+05    8.666415e-13)
            (1.570150e+05    1.085665e-12)
            (1.620800e+05    1.315433e-12)
            (1.671450e+05    1.603315e-12)
            (1.722100e+05    1.887385e-12)
            (1.772750e+05    2.236270e-12)
            (1.823400e+05    2.600817e-12)
            (1.874050e+05    2.954833e-12)
            (1.924700e+05    3.479635e-12)
            (1.975350e+05    3.783815e-12)
            (2.026000e+05    4.554037e-12)
            (2.076650e+05    4.853928e-12)
            (2.127300e+05    5.830405e-12)
            (2.177950e+05    6.209010e-12)
            (2.228600e+05    6.398716e-12)
            (2.279250e+05    7.968833e-12)
            (2.329900e+05    8.107587e-12)
            (2.380550e+05    1.053144e-11)
            (2.431200e+05    9.526385e-12)
            (2.481850e+05    9.401491e-12)
            (2.532500e+05    1.610119e-11)
        )
    )
    (
        1e-05
        (
            (1.013000e+04    4.353350e-15)
            (1.519500e+04    4.378613e-15)
            (2.026000e+04    4.414782e-15)
            (2.532500e+04    4.462720e-15)
            (3.039000e+04    4.523645e-15)
            (3.545500e+04    4.599223e-15)
            (4.052000e+04    4.691726e-15)
            (4.558500e+04    4.804271e-15)
            (5.065000e+04    4.941228e-15)
            (5.571500e+04    5.108927e-15)
            (6.078000e+04    5.317099e-15)
            (6.584500e+04    5.582186e-15)
            (7.091000e+04    5.935981e-15)
            (7.597500e+04    6.448692e-15)
            (8.104000e+04    7.284941e-15)
            (8.610500e+04    8.813286e-15)
            (9.117000e+04    1.180554e-14)
            (9.623500e+04    1.793134e-14)
            (1.013000e+05    2.900181e-14)
            (1.063650e+05    4.673403e-14)
            (1.114300e+05    7.321116e-14)
            (1.164950e+05    1.120055e-13)
            (1.215600e+05    1.656248e-13)
            (1.266250e+05    2.395118e-13)
            (1.316900e+05    3.312988e-13)
            (1.367550e+05    4.473213e-13)
            (1.418200e+05    5.910706e-13)
            (1.468850e+05    7.488916e-13)
            (1.519500e+05    9.562917e-13)
            (1.570150e+05    1.168335e-12)
            (1.620800e+05    1.413180e-12)
            (1.671450e+05    1.731058e-12)
            (1.722100e+05    1.982768e-12)
            (1.772750e+05    2.418477e-12)
            (1.823400e+05    2.752120e-12)
            (1.874050e+05    3.041001e-12)
            (1.924700e+05    3.747512e-12)
            (1.975350e+05    4.009465e-12)
            (2.026000e+05    4.703685e-12)
            (2.076650e+05    5.222154e-12)
            (2.127300e+05    5.438340e-12)
            (2.177950e+05    7.046418e-12)
            (2.228600e+05    7.387352e-12)
            (2.279250e+05    7.783431e-12)
            (2.329900e+05    9.904539e-12)
            (2.380550e+05    8.926179e-12)
            (2.431200e+05    1.029486e-11)
            (2.481850e+05    1.563819e-11)
            (2.532500e+05    1.602478e-11)
        )
    )
    (
        1.1e-05
        (
            (1.013000e+04    5.796253e-15)
            (1.519500e+04    5.830477e-15)
            (2.026000e+04    5.879496e-15)
            (2.532500e+04    5.944508e-15)
            (3.039000e+04    6.027202e-15)
            (3.545500e+04    6.129902e-15)
            (4.052000e+04    6.255790e-15)
            (4.558500e+04    6.409266e-15)
            (5.065000e+04    6.596567e-15)
            (5.571500e+04    6.826918e-15)
            (6.078000e+04    7.114978e-15)
            (6.584500e+04    7.486711e-15)
            (7.091000e+04    7.994256e-15)
            (7.597500e+04    8.752013e-15)
            (8.104000e+04    1.001229e-14)
            (8.610500e+04    1.229485e-14)
            (9.117000e+04    1.666407e-14)
            (9.623500e+04    2.508148e-14)
            (1.013000e+05    3.944381e-14)
            (1.063650e+05    6.091185e-14)
            (1.114300e+05    9.267286e-14)
            (1.164950e+05    1.354121e-13)
            (1.215600e+05    1.976186e-13)
            (1.266250e+05    2.775813e-13)
            (1.316900e+05    3.730936e-13)
            (1.367550e+05    5.068635e-13)
            (1.418200e+05    6.513107e-13)
            (1.468850e+05    8.135897e-13)
            (1.519500e+05    1.053385e-12)
            (1.570150e+05    1.255184e-12)
            (1.620800e+05    1.494196e-12)
            (1.671450e+05    1.883299e-12)
            (1.722100e+05    2.111017e-12)
            (1.772750e+05    2.428224e-12)
            (1.823400e+05    3.020027e-12)
            (1.874050e+05    3.247865e-12)
            (1.924700e+05    3.517665e-12)
            (1.975350e+05    4.465231e-12)
            (2.026000e+05    4.768592e-12)
            (2.076650e+05    4.902713e-12)
            (2.127300e+05    6.479963e-12)
            (2.177950e+05    6.049197e-12)
            (2.228600e+05    9.096630e-12)
            (2.279250e+05    7.924774e-12)
            (2.329900e+05    9.145811e-12)
            (2.380550e+05    9.931019e-12)
            (2.431200e+05    1.559801e-11)
            (2.481850e+05    1.579498e-11)
            (2.532500e+05    1.671275e-11)
        )
    )
    (
        1.2e-05
        (
            (1.013000e+04    7.527268e-15)
            (1.519500e+04    7.572386e-15)
            (2.026000e+04    7.637036e-15)
            (2.532500e+04    7.722830e-15)
            (3.039000e+04    7.832052e-15)
            (3.545500e+04    7.967848e-15)
            (4.052000e+04    8.134554e-15)
            (4.558500e+04    8.338222e-15)
            (5.065000e+04    8.587545e-15)
            (5.571500e+04    8.895698e-15)
            (6.078000e+04    9.284392e-15)
            (6.584500e+04    9.793597e-15)
            (7.091000e+04    1.050473e-14)
            (7.597500e+04    1.159122e-14)
            (8.104000e+04    1.341143e-14)
            (8.610500e+04    1.666331e-14)
            (9.117000e+04    2.276469e-14)
            (9.623500e+04    3.373129e-14)
            (1.013000e+05    5.169572e-14)
            (1.063650e+05    7.773532e-14)
            (1.114300e+05    1.140179e-13)
            (1.164950e+05    1.610106e-13)
            (1.215600e+05    2.337242e-13)
            (1.266250e+05    3.186930e-13)
            (1.316900e+05    4.155200e-13)
            (1.367550e+05    5.686799e-13)
            (1.418200e+05    7.251832e-13)
            (1.468850e+05    8.718466e-13)
            (1.519500e+05    1.143771e-12)
            (1.570150e+05    1.391898e-12)
            (1.620800e+05    1.568847e-12)
            (1.671450e+05    1.974658e-12)
            (1.722100e+05    2.375779e-12)
            (1.772750e+05    2.571743e-12)
            (1.823400e+05    2.795541e-12)
            (1.874050e+05    3.745837e-12)
            (1.924700e+05    3.845841e-12)
            (1.975350e+05    4.239149e-12)
            (2.026000e+05    5.672022e-12)
            (2.076650e+05    4.830639e-12)
            (2.127300e+05    6.338328e-12)
            (2.177950e+05    8.654730e-12)
            (2.228600e+05    7.691518e-12)
            (2.279250e+05    7.346973e-12)
            (2.329900e+05    9.737807e-12)
            (2.380550e+05    1.532312e-11)
            (2.431200e+05    1.586357e-11)
            (2.481850e+05    1.111016e-11)
            (2.532500e+05    1.423484e-11)
        )
    )
    (
        1.3e-05
        (
            (1.013000e+04    9.572633e-15)
            (1.519500e+04    9.630779e-15)
            (2.026000e+04    9.714130e-15)
            (2.532500e+04    9.824811e-15)
            (3.039000e+04    9.965830e-15)
            (3.545500e+04    1.014136e-14)
            (4.052000e+04    1.035717e-14)
            (4.558500e+04    1.062143e-14)
            (5.065000e+04    1.094603e-14)
            (5.571500e+04    1.134951e-14)
            (6.078000e+04    1.186352e-14)
            (6.584500e+04    1.254774e-14)
            (7.091000e+04    1.352310e-14)
            (7.597500e+04    1.503665e-14)
            (8.104000e+04    1.757000e-14)
            (8.610500e+04    2.203334e-14)
            (9.117000e+04    3.025629e-14)
            (9.623500e+04    4.395470e-14)
            (1.013000e+05    6.611197e-14)
            (1.063650e+05    9.607100e-14)
            (1.114300e+05    1.397764e-13)
            (1.164950e+05    1.877523e-13)
            (1.215600e+05    2.678783e-13)
            (1.266250e+05    3.727809e-13)
            (1.316900e+05    4.662234e-13)
            (1.367550e+05    5.960989e-13)
            (1.418200e+05    8.301253e-13)
            (1.468850e+05    9.828984e-13)
            (1.519500e+05    1.129451e-12)
            (1.570150e+05    1.553416e-12)
            (1.620800e+05    1.819195e-12)
            (1.671450e+05    1.984697e-12)
            (1.722100e+05    2.172591e-12)
            (1.772750e+05    3.064813e-12)
            (1.823400e+05    3.143585e-12)
            (1.874050e+05    3.347084e-12)
            (1.924700e+05    4.880506e-12)
            (1.975350e+05    4.859334e-12)
            (2.026000e+05    5.004971e-12)
            (2.076650e+05    5.631798e-12)
            (2.127300e+05    8.060236e-12)
            (2.177950e+05    6.569720e-12)
            (2.228600e+05    9.031876e-12)
            (2.279250e+05    9.922680e-12)
            (2.329900e+05    1.494213e-11)
            (2.380550e+05    1.426265e-11)
            (2.431200e+05    1.598945e-11)
            (2.481850e+05    1.487704e-11)
            (2.532500e+05    1.198165e-11)
        )
    )
    (
        1.4e-05
        (
            (1.013000e+04    1.195859e-14)
            (1.519500e+04    1.203210e-14)
            (2.026000e+04    1.213752e-14)
            (2.532500e+04    1.227759e-14)
            (3.039000e+04    1.245621e-14)
            (3.545500e+04    1.267879e-14)
            (4.052000e+04    1.295291e-14)
            (4.558500e+04    1.328936e-14)
            (5.065000e+04    1.370424e-14)
            (5.571500e+04    1.422334e-14)
            (6.078000e+04    1.489186e-14)
            (6.584500e+04    1.579604e-14)
            (7.091000e+04    1.710704e-14)
            (7.597500e+04    1.915911e-14)
            (8.104000e+04    2.257347e-14)
            (8.610500e+04    2.850155e-14)
            (9.117000e+04    3.922574e-14)
            (9.623500e+04    5.584270e-14)
            (1.013000e+05    8.387456e-14)
            (1.063650e+05    1.135240e-13)
            (1.114300e+05    1.723489e-13)
            (1.164950e+05    2.265995e-13)
            (1.215600e+05    2.890031e-13)
            (1.266250e+05    4.154699e-13)
            (1.316900e+05    5.625212e-13)
            (1.367550e+05    6.636924e-13)
            (1.418200e+05    7.883964e-13)
            (1.468850e+05    1.162333e-12)
            (1.519500e+05    1.352720e-12)
            (1.570150e+05    1.488906e-12)
            (1.620800e+05    1.644540e-12)
            (1.671450e+05    2.455179e-12)
            (1.722100e+05    2.578296e-12)
            (1.772750e+05    2.943109e-12)
            (1.823400e+05    2.940770e-12)
            (1.874050e+05    4.416940e-12)
            (1.924700e+05    4.212435e-12)
            (1.975350e+05    4.687995e-12)
            (2.026000e+05    4.721775e-12)
            (2.076650e+05    7.309041e-12)
            (2.127300e+05    6.913608e-12)
            (2.177950e+05    6.019955e-12)
            (2.228600e+05    7.956965e-12)
            (2.279250e+05    1.463821e-11)
            (2.329900e+05    1.357540e-11)
            (2.380550e+05    1.547957e-11)
            (2.431200e+05    1.410788e-11)
            (2.481850e+05    1.799377e-11)
            (2.532500e+05    1.836031e-11)
        )
    )
    (
        1.5e-05
        (
            (1.013000e+04    1.471137e-14)
            (1.519500e+04    1.480280e-14)
            (2.026000e+04    1.493396e-14)
            (2.532500e+04    1.510834e-14)
            (3.039000e+04    1.533090e-14)
            (3.545500e+04    1.560857e-14)
            (4.052000e+04    1.595113e-14)
            (4.558500e+04    1.637272e-14)
            (5.065000e+04    1.689487e-14)
            (5.571500e+04    1.755299e-14)
            (6.078000e+04    1.841045e-14)
            (6.584500e+04    1.958794e-14)
            (7.091000e+04    2.131876e-14)
            (7.597500e+04    2.403987e-14)
            (8.104000e+04    2.853610e-14)
            (8.610500e+04    3.621058e-14)
            (9.117000e+04    4.937235e-14)
            (9.623500e+04    7.080136e-14)
            (1.013000e+05    9.959224e-14)
            (1.063650e+05    1.416013e-13)
            (1.114300e+05    1.815443e-13)
            (1.164950e+05    2.838303e-13)
            (1.215600e+05    3.620155e-13)
            (1.266250e+05    4.300018e-13)
            (1.316900e+05    5.367487e-13)
            (1.367550e+05    8.366222e-13)
            (1.418200e+05    9.747564e-13)
            (1.468850e+05    1.083071e-12)
            (1.519500e+05    1.208777e-12)
            (1.570150e+05    1.920172e-12)
            (1.620800e+05    2.063213e-12)
            (1.671450e+05    2.273561e-12)
            (1.722100e+05    2.326486e-12)
            (1.772750e+05    3.776012e-12)
            (1.823400e+05    3.741034e-12)
            (1.874050e+05    3.883790e-12)
            (1.924700e+05    4.576279e-12)
            (1.975350e+05    6.762716e-12)
            (2.026000e+05    4.676714e-12)
            (2.076650e+05    5.783803e-12)
            (2.127300e+05    6.552181e-12)
            (2.177950e+05    7.349888e-12)
            (2.228600e+05    1.419674e-11)
            (2.279250e+05    1.307190e-11)
            (2.329900e+05    9.999499e-12)
            (2.380550e+05    9.809279e-12)
            (2.431200e+05    1.734260e-11)
            (2.481850e+05    2.113274e-11)
            (2.532500e+05    1.081575e-10)
        )
    )
    (
        1.6e-05
        (
            (1.013000e+04    1.785724e-14)
            (1.519500e+04    1.796933e-14)
            (2.026000e+04    1.813022e-14)
            (2.532500e+04    1.834425e-14)
            (3.039000e+04    1.861766e-14)
            (3.545500e+04    1.895921e-14)
            (4.052000e+04    1.938137e-14)
            (4.558500e+04    1.990248e-14)
            (5.065000e+04    2.055108e-14)
            (5.571500e+04    2.137518e-14)
            (6.078000e+04    2.246164e-14)
            (6.584500e+04    2.397398e-14)
            (7.091000e+04    2.621875e-14)
            (7.597500e+04    2.975007e-14)
            (8.104000e+04    3.555363e-14)
            (8.610500e+04    4.550426e-14)
            (9.117000e+04    6.123246e-14)
            (9.623500e+04    8.752522e-14)
            (1.013000e+05    1.177825e-13)
            (1.063650e+05    1.774273e-13)
            (1.114300e+05    2.326435e-13)
            (1.164950e+05    2.751065e-13)
            (1.215600e+05    3.620147e-13)
            (1.266250e+05    5.832599e-13)
            (1.316900e+05    6.803943e-13)
            (1.367550e+05    7.628579e-13)
            (1.418200e+05    8.612136e-13)
            (1.468850e+05    1.458595e-12)
            (1.519500e+05    1.633626e-12)
            (1.570150e+05    1.714048e-12)
            (1.620800e+05    2.059507e-12)
            (1.671450e+05    1.981754e-12)
            (1.722100e+05    3.362160e-12)
            (1.772750e+05    3.172477e-12)
            (1.823400e+05    3.845103e-12)
            (1.874050e+05    4.976183e-12)
            (1.924700e+05    6.503171e-12)
            (1.975350e+05    6.546373e-12)
            (2.026000e+05    5.952530e-12)
            (2.076650e+05    5.949601e-12)
            (2.127300e+05    1.089091e-11)
            (2.177950e+05    1.382696e-11)
            (2.228600e+05    1.464642e-11)
            (2.279250e+05    1.318706e-11)
            (2.329900e+05    1.591051e-11)
            (2.380550e+05    1.690753e-11)
            (2.431200e+05    1.691978e-11)
            (2.481850e+05    1.063068e-10)
            (2.532500e+05    1.090576e-10)
        )
    )
    (
        1.7e-05
        (
            (1.013000e+04    2.142243e-14)
            (1.519500e+04    2.155816e-14)
            (2.026000e+04    2.175307e-14)
            (2.532500e+04    2.201253e-14)
            (3.039000e+04    2.234428e-14)
            (3.545500e+04    2.275927e-14)
            (4.052000e+04    2.327328e-14)
            (4.558500e+04    2.390986e-14)
            (5.065000e+04    2.470651e-14)
            (5.571500e+04    2.572731e-14)
            (6.078000e+04    2.708831e-14)
            (6.584500e+04    2.900411e-14)
            (7.091000e+04    3.186388e-14)
            (7.597500e+04    3.634483e-14)
            (8.104000e+04    4.358835e-14)
            (8.610500e+04    5.550704e-14)
            (9.117000e+04    7.699248e-14)
            (9.623500e+04    1.010328e-13)
            (1.013000e+05    1.580674e-13)
            (1.063650e+05    1.883353e-13)
            (1.114300e+05    2.316302e-13)
            (1.164950e+05    3.991400e-13)
            (1.215600e+05    4.638036e-13)
            (1.266250e+05    5.229050e-13)
            (1.316900e+05    5.960487e-13)
            (1.367550e+05    1.064664e-12)
            (1.418200e+05    1.252217e-12)
            (1.468850e+05    1.306280e-12)
            (1.519500e+05    1.566122e-12)
            (1.570150e+05    1.573947e-12)
            (1.620800e+05    2.826363e-12)
            (1.671450e+05    2.778153e-12)
            (1.722100e+05    3.204539e-12)
            (1.772750e+05    3.202667e-12)
            (1.823400e+05    5.789003e-12)
            (1.874050e+05    6.005789e-12)
            (1.924700e+05    4.411460e-12)
            (1.975350e+05    6.151592e-12)
            (2.026000e+05    5.615778e-12)
            (2.076650e+05    1.339223e-11)
            (2.127300e+05    1.352093e-11)
            (2.177950e+05    1.419262e-11)
            (2.228600e+05    1.310707e-11)
            (2.279250e+05    8.072757e-12)
            (2.329900e+05    1.403945e-11)
            (2.380550e+05    1.858507e-11)
            (2.431200e+05    1.046223e-10)
            (2.481850e+05    1.071936e-10)
            (2.532500e+05    1.098619e-10)
        )
    )
    (
        1.8e-05
        (
            (1.013000e+04    2.543319e-14)
            (1.519500e+04    2.559576e-14)
            (2.026000e+04    2.582931e-14)
            (2.532500e+04    2.614043e-14)
            (3.039000e+04    2.653861e-14)
            (3.545500e+04    2.703743e-14)
            (4.052000e+04    2.765669e-14)
            (4.558500e+04    2.842649e-14)
            (5.065000e+04    2.939565e-14)
            (5.571500e+04    3.064866e-14)
            (6.078000e+04    3.233792e-14)
            (6.584500e+04    3.473973e-14)
            (7.091000e+04    3.834246e-14)
            (7.597500e+04    4.398953e-14)
            (8.104000e+04    5.321035e-14)
            (8.610500e+04    6.872678e-14)
            (9.117000e+04    8.857336e-14)
            (9.623500e+04    1.339043e-13)
            (1.013000e+05    1.610253e-13)
            (1.063650e+05    2.232662e-13)
            (1.114300e+05    3.238834e-13)
            (1.164950e+05    3.639914e-13)
            (1.215600e+05    4.085101e-13)
            (1.266250e+05    6.916373e-13)
            (1.316900e+05    9.364669e-13)
            (1.367550e+05    9.980015e-13)
            (1.418200e+05    1.157718e-12)
            (1.468850e+05    1.178651e-12)
            (1.519500e+05    2.291315e-12)
            (1.570150e+05    2.498461e-12)
            (1.620800e+05    2.330898e-12)
            (1.671450e+05    2.497849e-12)
            (1.722100e+05    2.650270e-12)
            (1.772750e+05    3.426649e-12)
            (1.823400e+05    5.709166e-12)
            (1.874050e+05    6.011340e-12)
            (1.924700e+05    5.217395e-12)
            (1.975350e+05    5.045831e-12)
            (2.026000e+05    1.307955e-11)
            (2.076650e+05    1.322886e-11)
            (2.127300e+05    1.304002e-11)
            (2.177950e+05    9.642941e-12)
            (2.228600e+05    9.076829e-12)
            (2.279250e+05    1.631862e-11)
            (2.329900e+05    6.192601e-12)
            (2.380550e+05    9.763254e-12)
            (2.431200e+05    1.053224e-10)
            (2.481850e+05    1.080291e-10)
            (2.532500e+05    1.106272e-10)
        )
    )
    (
        1.9e-05
        (
            (1.013000e+04    2.991578e-14)
            (1.519500e+04    3.010860e-14)
            (2.026000e+04    3.038575e-14)
            (2.532500e+04    3.075520e-14)
            (3.039000e+04    3.122853e-14)
            (3.545500e+04    3.182245e-14)
            (4.052000e+04    3.256162e-14)
            (4.558500e+04    3.348421e-14)
            (5.065000e+04    3.465310e-14)
            (5.571500e+04    3.617777e-14)
            (6.078000e+04    3.825402e-14)
            (6.584500e+04    4.122932e-14)
            (7.091000e+04    4.570008e-14)
            (7.597500e+04    5.264764e-14)
            (8.104000e+04    6.352929e-14)
            (8.610500e+04    8.034453e-14)
            (9.117000e+04    1.143046e-13)
            (9.623500e+04    1.407369e-13)
            (1.013000e+05    1.994267e-13)
            (1.063650e+05    2.694085e-13)
            (1.114300e+05    3.136697e-13)
            (1.164950e+05    3.508055e-13)
            (1.215600e+05    6.900442e-13)
            (1.266250e+05    7.547307e-13)
            (1.316900e+05    8.328279e-13)
            (1.367550e+05    1.003928e-12)
            (1.418200e+05    9.643352e-13)
            (1.468850e+05    2.049771e-12)
            (1.519500e+05    2.076876e-12)
            (1.570150e+05    1.920859e-12)
            (1.620800e+05    2.165799e-12)
            (1.671450e+05    3.355343e-12)
            (1.722100e+05    5.094597e-12)
            (1.772750e+05    5.154856e-12)
            (1.823400e+05    4.688666e-12)
            (1.874050e+05    3.737135e-12)
            (1.924700e+05    5.941412e-12)
            (1.975350e+05    1.270349e-11)
            (2.026000e+05    1.280378e-11)
            (2.076650e+05    1.263226e-11)
            (2.127300e+05    9.562685e-12)
            (2.177950e+05    1.431881e-11)
            (2.228600e+05    1.582359e-11)
            (2.279250e+05    1.494291e-11)
            (2.329900e+05    9.492013e-12)
            (2.380550e+05    1.034499e-10)
            (2.431200e+05    1.061958e-10)
            (2.481850e+05    1.088148e-10)
            (2.532500e+05    1.110174e-10)
        )
    )
    (
        2e-05
        (
            (1.013000e+04    3.489646e-14)
            (1.519500e+04    3.512318e-14)
            (2.026000e+04    3.544920e-14)
            (2.532500e+04    3.588414e-14)
            (3.039000e+04    3.644199e-14)
            (3.545500e+04    3.714319e-14)
            (4.052000e+04    3.801827e-14)
            (4.558500e+04    3.911528e-14)
            (5.065000e+04    4.051410e-14)
            (5.571500e+04    4.235320e-14)
            (6.078000e+04    4.487548e-14)
            (6.584500e+04    4.849912e-14)
            (7.091000e+04    5.392127e-14)
            (7.597500e+04    6.229838e-14)
            (8.104000e+04    7.589834e-14)
            (8.610500e+04    1.004478e-13)
            (9.117000e+04    1.241595e-13)
            (9.623500e+04    1.621301e-13)
            (1.013000e+05    2.341093e-13)
            (1.063650e+05    2.762622e-13)
            (1.114300e+05    5.045013e-13)
            (1.164950e+05    5.697156e-13)
            (1.215600e+05    6.078748e-13)
            (1.266250e+05    7.361839e-13)
            (1.316900e+05    7.540471e-13)
            (1.367550e+05    1.635916e-12)
            (1.418200e+05    1.789114e-12)
            (1.468850e+05    1.834906e-12)
            (1.519500e+05    1.732146e-12)
            (1.570150e+05    2.276299e-12)
            (1.620800e+05    4.058031e-12)
            (1.671450e+05    4.675985e-12)
            (1.722100e+05    5.026897e-12)
            (1.772750e+05    3.481744e-12)
            (1.823400e+05    5.732758e-12)
            (1.874050e+05    5.440516e-12)
            (1.924700e+05    6.456866e-12)
            (1.975350e+05    1.228558e-11)
            (2.026000e+05    8.487884e-12)
            (2.076650e+05    1.397788e-11)
            (2.127300e+05    5.468872e-12)
            (2.177950e+05    1.283341e-11)
            (2.228600e+05    1.106163e-11)
            (2.279250e+05    9.795565e-12)
            (2.329900e+05    1.016261e-10)
            (2.380550e+05    1.043604e-10)
            (2.431200e+05    1.070039e-10)
            (2.481850e+05    1.093059e-10)
            (2.532500e+05    1.121442e-10)
        )
    )
    (
        2.1e-05
        (
            (1.013000e+04    4.040147e-14)
            (1.519500e+04    4.066596e-14)
            (2.026000e+04    4.104651e-14)
            (2.532500e+04    4.155456e-14)
            (3.039000e+04    4.220699e-14)
            (3.545500e+04    4.302863e-14)
            (4.052000e+04    4.405718e-14)
            (4.558500e+04    4.535299e-14)
            (5.065000e+04    4.701779e-14)
            (5.571500e+04    4.922877e-14)
            (6.078000e+04    5.229563e-14)
            (6.584500e+04    5.674949e-14)
            (7.091000e+04    6.348799e-14)
            (7.597500e+04    7.406531e-14)
            (8.104000e+04    9.064311e-14)
            (8.610500e+04    1.112333e-13)
            (9.117000e+04    1.439620e-13)
            (9.623500e+04    2.076258e-13)
            (1.013000e+05    2.469641e-13)
            (1.063650e+05    4.438466e-13)
            (1.114300e+05    4.747789e-13)
            (1.164950e+05    5.201414e-13)
            (1.215600e+05    6.770904e-13)
            (1.266250e+05    6.008296e-13)
            (1.316900e+05    1.449092e-12)
            (1.367550e+05    1.504238e-12)
            (1.418200e+05    1.427963e-12)
            (1.468850e+05    1.952738e-12)
            (1.519500e+05    2.652952e-12)
            (1.570150e+05    4.120512e-12)
            (1.620800e+05    4.277948e-12)
            (1.671450e+05    2.606509e-12)
            (1.722100e+05    4.567871e-12)
            (1.772750e+05    5.388123e-12)
            (1.823400e+05    3.781128e-12)
            (1.874050e+05    6.145926e-12)
            (1.924700e+05    1.188335e-11)
            (1.975350e+05    9.710975e-12)
            (2.026000e+05    5.518039e-12)
            (2.076650e+05    1.156982e-11)
            (2.127300e+05    7.642372e-12)
            (2.177950e+05    1.683828e-11)
            (2.228600e+05    1.653575e-11)
            (2.279250e+05    9.997667e-11)
            (2.329900e+05    1.025220e-10)
            (2.380550e+05    1.051946e-10)
            (2.431200e+05    1.077237e-10)
            (2.481850e+05    1.103223e-10)
            (2.532500e+05    1.144726e-10)
        )
    )
    (
        2.2e-05
        (
            (1.013000e+04    4.645709e-14)
            (1.519500e+04    4.676346e-14)
            (2.026000e+04    4.720450e-14)
            (2.532500e+04    4.779382e-14)
            (3.039000e+04    4.855158e-14)
            (3.545500e+04    4.950781e-14)
            (4.052000e+04    5.070869e-14)
            (4.558500e+04    5.222888e-14)
            (5.065000e+04    5.419444e-14)
            (5.571500e+04    5.682266e-14)
            (6.078000e+04    6.048503e-14)
            (6.584500e+04    6.579585e-14)
            (7.091000e+04    7.371352e-14)
            (7.597500e+04    8.552795e-14)
            (8.104000e+04    1.026167e-13)
            (8.610500e+04    1.321166e-13)
            (9.117000e+04    1.845844e-13)
            (9.623500e+04    2.151033e-13)
            (1.013000e+05    2.477096e-13)
            (1.063650e+05    4.051896e-13)
            (1.114300e+05    4.535706e-13)
            (1.164950e+05    5.107155e-13)
            (1.215600e+05    1.149172e-12)
            (1.266250e+05    1.258917e-12)
            (1.316900e+05    1.167789e-12)
            (1.367550e+05    1.502137e-12)
            (1.418200e+05    1.788497e-12)
            (1.468850e+05    2.430861e-12)
            (1.519500e+05    2.007931e-12)
            (1.570150e+05    3.880244e-12)
            (1.620800e+05    1.882884e-12)
            (1.671450e+05    3.944490e-12)
            (1.722100e+05    5.026975e-12)
            (1.772750e+05    5.959938e-12)
            (1.823400e+05    1.168752e-11)
            (1.874050e+05    1.163867e-11)
            (1.924700e+05    1.289006e-11)
            (1.975350e+05    7.621026e-12)
            (2.026000e+05    1.417214e-11)
            (2.076650e+05    1.468050e-11)
            (2.127300e+05    1.473922e-11)
            (2.177950e+05    1.451110e-11)
            (2.228600e+05    9.750206e-11)
            (2.279250e+05    1.006874e-10)
            (2.329900e+05    1.033877e-10)
            (2.380550e+05    1.059689e-10)
            (2.431200e+05    1.084248e-10)
            (2.481850e+05    1.106730e-10)
            (2.532500e+05    1.135005e-10)
        )
    )
    (
        2.3e-05
        (
            (1.013000e+04    5.308957e-14)
            (1.519500e+04    5.344217e-14)
            (2.026000e+04    5.395005e-14)
            (2.532500e+04    5.462928e-14)
            (3.039000e+04    5.550388e-14)
            (3.545500e+04    5.660996e-14)
            (4.052000e+04    5.800378e-14)
            (4.558500e+04    5.977668e-14)
            (5.065000e+04    6.208174e-14)
            (5.571500e+04    6.517727e-14)
            (6.078000e+04    6.949102e-14)
            (6.584500e+04    7.570770e-14)
            (7.091000e+04    8.489606e-14)
            (7.597500e+04    9.888056e-14)
            (8.104000e+04    1.234544e-13)
            (8.610500e+04    1.631017e-13)
            (9.117000e+04    1.872239e-13)
            (9.623500e+04    2.217273e-13)
            (1.013000e+05    3.726019e-13)
            (1.063650e+05    4.228141e-13)
            (1.114300e+05    5.027036e-13)
            (1.164950e+05    1.022616e-12)
            (1.215600e+05    1.074970e-12)
            (1.266250e+05    1.210749e-12)
            (1.316900e+05    1.165602e-12)
            (1.367550e+05    1.487305e-12)
            (1.418200e+05    2.299832e-12)
            (1.468850e+05    2.259598e-12)
            (1.519500e+05    3.662102e-12)
            (1.570150e+05    4.044909e-12)
            (1.620800e+05    2.946068e-12)
            (1.671450e+05    4.742988e-12)
            (1.722100e+05    3.619619e-12)
            (1.772750e+05    9.223779e-12)
            (1.823400e+05    1.142944e-11)
            (1.874050e+05    5.565229e-12)
            (1.924700e+05    1.282730e-11)
            (1.975350e+05    1.057756e-11)
            (2.026000e+05    1.369151e-11)
            (2.076650e+05    8.144118e-12)
            (2.127300e+05    1.558972e-11)
            (2.177950e+05    1.375018e-11)
            (2.228600e+05    9.888839e-11)
            (2.279250e+05    1.015815e-10)
            (2.329900e+05    1.041944e-10)
            (2.380550e+05    1.075160e-10)
            (2.431200e+05    1.096725e-10)
            (2.481850e+05    1.118142e-10)
            (2.532500e+05    1.141715e-10)
        )
    )
    (
        2.4e-05
        (
            (1.013000e+04    6.032518e-14)
            (1.519500e+04    6.072860e-14)
            (2.026000e+04    6.131002e-14)
            (2.532500e+04    6.208834e-14)
            (3.039000e+04    6.309206e-14)
            (3.545500e+04    6.436459e-14)
            (4.052000e+04    6.597460e-14)
            (4.558500e+04    6.803512e-14)
            (5.065000e+04    7.073701e-14)
            (5.571500e+04    7.440296e-14)
            (6.078000e+04    7.957015e-14)
            (6.584500e+04    8.712661e-14)
            (7.091000e+04    9.863243e-14)
            (7.597500e+04    1.174499e-13)
            (8.104000e+04    1.454117e-13)
            (8.610500e+04    1.696374e-13)
            (9.117000e+04    2.016646e-13)
            (9.623500e+04    3.414859e-13)
            (1.013000e+05    3.494938e-13)
            (1.063650e+05    4.614322e-13)
            (1.114300e+05    9.058371e-13)
            (1.164950e+05    9.501202e-13)
            (1.215600e+05    9.303943e-13)
            (1.266250e+05    9.964408e-13)
            (1.316900e+05    1.338450e-12)
            (1.367550e+05    1.248129e-12)
            (1.418200e+05    3.260926e-12)
            (1.468850e+05    3.101763e-12)
            (1.519500e+05    2.717198e-12)
            (1.570150e+05    3.526167e-12)
            (1.620800e+05    4.386401e-12)
            (1.671450e+05    5.053328e-12)
            (1.722100e+05    1.096671e-11)
            (1.772750e+05    1.105448e-11)
            (1.823400e+05    1.174280e-11)
            (1.874050e+05    2.813723e-12)
            (1.924700e+05    1.112294e-11)
            (1.975350e+05    7.113508e-12)
            (2.026000e+05    1.436272e-11)
            (2.076650e+05    1.019668e-11)
            (2.127300e+05    1.480312e-11)
            (2.177950e+05    9.722979e-11)
            (2.228600e+05    9.977802e-11)
            (2.279250e+05    1.024155e-10)
            (2.329900e+05    1.048595e-10)
            (2.380550e+05    1.075427e-10)
            (2.431200e+05    1.104107e-10)
            (2.481850e+05    1.124438e-10)
            (2.532500e+05    1.152083e-10)
        )
    )
    (
        2.5e-05
        (
            (1.013000e+04    6.819018e-14)
            (1.519500e+04    6.864925e-14)
            (2.026000e+04    6.931129e-14)
            (2.532500e+04    7.019843e-14)
            (3.039000e+04    7.134435e-14)
            (3.545500e+04    7.280102e-14)
            (4.052000e+04    7.465182e-14)
            (4.558500e+04    7.703579e-14)
            (5.065000e+04    8.018968e-14)
            (5.571500e+04    8.451566e-14)
            (6.078000e+04    9.068464e-14)
            (6.584500e+04    9.979337e-14)
            (7.091000e+04    1.135190e-13)
            (7.597500e+04    1.329400e-13)
            (8.104000e+04    1.556680e-13)
            (8.610500e+04    1.859277e-13)
            (9.117000e+04    3.104568e-13)
            (9.623500e+04    3.417364e-13)
            (1.013000e+05    4.524480e-13)
            (1.063650e+05    8.136236e-13)
            (1.114300e+05    8.476338e-13)
            (1.164950e+05    8.986144e-13)
            (1.215600e+05    8.992058e-13)
            (1.266250e+05    1.271806e-12)
            (1.316900e+05    2.081747e-12)
            (1.367550e+05    3.007864e-12)
            (1.418200e+05    3.053525e-12)
            (1.468850e+05    2.319987e-12)
            (1.519500e+05    3.248111e-12)
            (1.570150e+05    4.142694e-12)
            (1.620800e+05    4.328512e-12)
            (1.671450e+05    7.986173e-12)
            (1.722100e+05    1.066060e-11)
            (1.772750e+05    6.898278e-12)
            (1.823400e+05    2.841465e-12)
            (1.874050e+05    1.258966e-11)
            (1.924700e+05    7.266725e-12)
            (1.975350e+05    1.202160e-11)
            (2.026000e+05    1.735659e-11)
            (2.076650e+05    1.542221e-11)
            (2.127300e+05    9.559800e-11)
            (2.177950e+05    9.799149e-11)
            (2.228600e+05    1.006382e-10)
            (2.279250e+05    1.031109e-10)
            (2.329900e+05    1.820407e-11)
            (2.380550e+05    1.081884e-10)
            (2.431200e+05    1.107374e-10)
            (2.481850e+05    1.131960e-10)
            (2.532500e+05    1.158051e-10)
        )
    )
    (
        2.6e-05
        (
            (1.013000e+04    7.671084e-14)
            (1.519500e+04    7.723064e-14)
            (2.026000e+04    7.798076e-14)
            (2.532500e+04    7.898701e-14)
            (3.039000e+04    8.028896e-14)
            (3.545500e+04    8.194825e-14)
            (4.052000e+04    8.406398e-14)
            (4.558500e+04    8.680021e-14)
            (5.065000e+04    9.043094e-14)
            (5.571500e+04    9.540632e-14)
            (6.078000e+04    1.024341e-13)
            (6.584500e+04    1.125267e-13)
            (7.091000e+04    1.268222e-13)
            (7.597500e+04    1.462499e-13)
            (8.104000e+04    1.743727e-13)
            (8.610500e+04    2.719385e-13)
            (9.117000e+04    3.038279e-13)
            (9.623500e+04    3.525965e-13)
            (1.013000e+05    3.892302e-13)
            (1.063650e+05    7.826496e-13)
            (1.114300e+05    8.681026e-13)
            (1.164950e+05    9.712121e-13)
            (1.215600e+05    1.111791e-12)
            (1.266250e+05    2.620198e-12)
            (1.316900e+05    2.757158e-12)
            (1.367550e+05    2.889957e-12)
            (1.418200e+05    1.926348e-12)
            (1.468850e+05    2.113019e-12)
            (1.519500e+05    3.906071e-12)
            (1.570150e+05    4.218235e-12)
            (1.620800e+05    3.248914e-12)
            (1.671450e+05    1.035347e-11)
            (1.722100e+05    9.424357e-12)
            (1.772750e+05    9.795080e-12)
            (1.823400e+05    1.239555e-11)
            (1.874050e+05    1.270174e-11)
            (1.924700e+05    6.749486e-12)
            (1.975350e+05    1.041619e-11)
            (2.026000e+05    7.038681e-12)
            (2.076650e+05    1.208950e-11)
            (2.127300e+05    9.626703e-11)
            (2.177950e+05    9.886664e-11)
            (2.228600e+05    1.014009e-10)
            (2.279250e+05    1.022844e-10)
            (2.329900e+05    1.072290e-10)
            (2.380550e+05    1.090107e-10)
            (2.431200e+05    1.114064e-10)
            (2.481850e+05    1.140388e-10)
            (2.532500e+05    1.162509e-10)
        )
    )
);
