// A characteristic map for 
// Ic(REqu, pAc)
// data(
//     equilibrium radius,
//     acoustic pressure amplitude
// )
//
// Loaded via transportProperties.
//
// Table structure:
//  (
//      REqu 1
//      (
//          (pAc 1     Ic 1)
//          (pAc 2     Ic 2)
//          (...)
//      )
//      REqu 2
//      (...
//      )
//  )
(
    (
        1e-06
        (
            (0.000000e+00    0.000000e+00)
            (1.013000e+04    1.117639e-19)
            (1.519500e+04    1.681757e-19)
            (2.026000e+04    2.252328e-19)
            (2.532500e+04    2.831665e-19)
            (3.039000e+04    3.422228e-19)
            (3.545500e+04    4.026672e-19)
            (4.052000e+04    4.647902e-19)
            (4.558500e+04    5.289139e-19)
            (5.065000e+04    5.954005e-19)
            (5.571500e+04    6.646625e-19)
            (6.078000e+04    7.371753e-19)
            (6.584500e+04    8.134951e-19)
            (7.091000e+04    8.942812e-19)
            (7.597500e+04    9.803254e-19)
            (8.104000e+04    1.072595e-18)
            (8.610500e+04    1.172290e-18)
            (9.117000e+04    1.280930e-18)
            (9.623500e+04    1.400480e-18)
            (1.013000e+05    1.533546e-18)
            (1.063650e+05    1.683698e-18)
            (1.114300e+05    1.856009e-18)
            (1.164950e+05    2.058063e-18)
            (1.215600e+05    2.301975e-18)
            (1.266250e+05    2.609072e-18)
            (1.316900e+05    3.023241e-18)
            (1.367550e+05    3.668753e-18)
            (1.418200e+05    3.337686e-16)
            (1.468850e+05    1.200204e-14)
            (1.519500e+05    2.510235e-14)
            (1.570150e+05    3.681700e-14)
            (1.620800e+05    4.475680e-14)
            (1.671450e+05    4.673583e-14)
            (1.722100e+05    4.075071e-14)
            (1.772750e+05    2.497479e-14)
            (1.823400e+05    -2.246559e-15)
            (1.874050e+05    -4.240339e-14)
            (1.924700e+05    -9.682965e-14)
            (1.975350e+05    -1.667116e-13)
            (2.026000e+05    -2.530988e-13)
            (2.076650e+05    -3.569133e-13)
            (2.127300e+05    -4.789604e-13)
            (2.177950e+05    -6.199379e-13)
            (2.228600e+05    -7.804479e-13)
            (2.279250e+05    -9.610034e-13)
            (2.329900e+05    -1.162037e-12)
            (2.380550e+05    -1.383912e-12)
            (2.431200e+05    -1.626923e-12)
            (2.481850e+05    -1.891312e-12)
            (2.532500e+05    -2.177262e-12)
        )
    )
    (
        2e-06
        (
            (0.000000e+00    0.000000e+00)
            (1.013000e+04    1.198524e-18)
            (1.519500e+04    1.807246e-18)
            (2.026000e+04    2.427590e-18)
            (2.532500e+04    3.063898e-18)
            (3.039000e+04    3.720967e-18)
            (3.545500e+04    4.404184e-18)
            (4.052000e+04    5.119745e-18)
            (4.558500e+04    5.874931e-18)
            (5.065000e+04    6.678457e-18)
            (5.571500e+04    7.540978e-18)
            (6.078000e+04    8.475786e-18)
            (6.584500e+04    9.499871e-18)
            (7.091000e+04    1.063547e-17)
            (7.597500e+04    1.191258e-17)
            (8.104000e+04    1.337302e-17)
            (8.610500e+04    1.507767e-17)
            (9.117000e+04    1.712000e-17)
            (9.623500e+04    1.965446e-17)
            (1.013000e+05    2.296492e-17)
            (1.063650e+05    2.767527e-17)
            (1.114300e+05    3.589130e-17)
            (1.164950e+05    8.134042e-17)
            (1.215600e+05    1.402301e-15)
            (1.266250e+05    6.881831e-15)
            (1.316900e+05    1.633684e-14)
            (1.367550e+05    2.841283e-14)
            (1.418200e+05    4.135223e-14)
            (1.468850e+05    5.320390e-14)
            (1.519500e+05    6.195384e-14)
            (1.570150e+05    6.561069e-14)
            (1.620800e+05    6.226057e-14)
            (1.671450e+05    5.010030e-14)
            (1.722100e+05    2.745625e-14)
            (1.772750e+05    -7.207625e-15)
            (1.823400e+05    -5.528759e-14)
            (1.874050e+05    -1.180420e-13)
            (1.924700e+05    -1.965980e-13)
            (1.975350e+05    -2.919600e-13)
            (2.026000e+05    -4.050149e-13)
            (2.076650e+05    -5.365387e-13)
            (2.127300e+05    -6.872065e-13)
            (2.177950e+05    -8.576012e-13)
            (2.228600e+05    -1.048221e-12)
            (2.279250e+05    -1.259484e-12)
            (2.329900e+05    -1.491742e-12)
            (2.380550e+05    -1.745279e-12)
            (2.431200e+05    -2.020324e-12)
            (2.481850e+05    -2.317052e-12)
            (2.532500e+05    -2.635587e-12)
        )
    )
    (
        3e-06
        (
            (0.000000e+00    0.000000e+00)
            (1.013000e+04    4.562745e-18)
            (1.519500e+04    6.888226e-18)
            (2.026000e+04    9.268146e-18)
            (2.532500e+04    1.172333e-17)
            (3.039000e+04    1.427711e-17)
            (3.545500e+04    1.695642e-17)
            (4.052000e+04    1.979291e-17)
            (4.558500e+04    2.282497e-17)
            (5.065000e+04    2.610001e-17)
            (5.571500e+04    2.967819e-17)
            (6.078000e+04    3.363790e-17)
            (6.584500e+04    3.808425e-17)
            (7.091000e+04    4.316309e-17)
            (7.597500e+04    4.908521e-17)
            (8.104000e+04    5.617154e-17)
            (8.610500e+04    6.494562e-17)
            (9.117000e+04    7.635179e-17)
            (9.623500e+04    9.241500e-17)
            (1.013000e+05    1.196106e-16)
            (1.063650e+05    2.023122e-16)
            (1.114300e+05    7.422094e-16)
            (1.164950e+05    3.309347e-15)
            (1.215600e+05    9.480687e-15)
            (1.266250e+05    1.929868e-14)
            (1.316900e+05    3.179410e-14)
            (1.367550e+05    4.545131e-14)
            (1.418200e+05    5.845932e-14)
            (1.468850e+05    6.887411e-14)
            (1.519500e+05    7.472629e-14)
            (1.570150e+05    7.409188e-14)
            (1.620800e+05    6.513704e-14)
            (1.671450e+05    4.614471e-14)
            (1.722100e+05    1.552876e-14)
            (1.772750e+05    -2.816048e-14)
            (1.823400e+05    -8.623666e-14)
            (1.874050e+05    -1.598805e-13)
            (1.924700e+05    -2.501453e-13)
            (1.975350e+05    -3.579612e-13)
            (2.026000e+05    -4.841492e-13)
            (2.076650e+05    -6.294292e-13)
            (2.127300e+05    -7.944222e-13)
            (2.177950e+05    -9.796598e-13)
            (2.228600e+05    -1.185591e-12)
            (2.279250e+05    -1.412604e-12)
            (2.329900e+05    -1.660964e-12)
            (2.380550e+05    -1.930879e-12)
            (2.431200e+05    -2.222827e-12)
            (2.481850e+05    -2.537235e-12)
            (2.532500e+05    -2.873139e-12)
        )
    )
    (
        4e-06
        (
            (0.000000e+00    0.000000e+00)
            (1.013000e+04    1.155634e-17)
            (1.519500e+04    1.745922e-17)
            (2.026000e+04    2.351647e-17)
            (2.532500e+04    2.978794e-17)
            (3.039000e+04    3.634154e-17)
            (3.545500e+04    4.325645e-17)
            (4.052000e+04    5.062767e-17)
            (4.558500e+04    5.857204e-17)
            (5.065000e+04    6.723709e-17)
            (5.571500e+04    7.681455e-17)
            (6.078000e+04    8.756095e-17)
            (6.584500e+04    9.983172e-17)
            (7.091000e+04    1.141404e-16)
            (7.597500e+04    1.312685e-16)
            (8.104000e+04    1.524934e-16)
            (8.610500e+04    1.801415e-16)
            (9.117000e+04    2.194009e-16)
            (9.623500e+04    2.874449e-16)
            (1.013000e+05    4.695003e-16)
            (1.063650e+05    1.166900e-15)
            (1.114300e+05    3.506033e-15)
            (1.164950e+05    8.908436e-15)
            (1.215600e+05    1.794977e-14)
            (1.266250e+05    3.008609e-14)
            (1.316900e+05    4.408165e-14)
            (1.367550e+05    5.828533e-14)
            (1.418200e+05    7.082463e-14)
            (1.468850e+05    7.974007e-14)
            (1.519500e+05    8.307634e-14)
            (1.570150e+05    7.894202e-14)
            (1.620800e+05    6.554715e-14)
            (1.671450e+05    4.122490e-14)
            (1.722100e+05    4.442266e-15)
            (1.772750e+05    -4.619676e-14)
            (1.823400e+05    -1.119519e-13)
            (1.874050e+05    -1.939523e-13)
            (1.924700e+05    -2.932031e-13)
            (1.975350e+05    -4.105901e-13)
            (2.026000e+05    -5.468885e-13)
            (2.076650e+05    -7.027686e-13)
            (2.127300e+05    -8.788093e-13)
            (2.177950e+05    -1.075508e-12)
            (2.228600e+05    -1.293297e-12)
            (2.279250e+05    -1.532604e-12)
            (2.329900e+05    -1.794003e-12)
            (2.380550e+05    -2.078490e-12)
            (2.431200e+05    -2.387523e-12)
            (2.481850e+05    -2.721541e-12)
            (2.532500e+05    -3.069897e-12)
        )
    )
    (
        5e-06
        (
            (0.000000e+00    0.000000e+00)
            (1.013000e+04    2.354271e-17)
            (1.519500e+04    3.558653e-17)
            (2.026000e+04    4.796825e-17)
            (2.532500e+04    6.082024e-17)
            (3.039000e+04    7.429365e-17)
            (3.545500e+04    8.856673e-17)
            (4.052000e+04    1.038553e-16)
            (4.558500e+04    1.204285e-16)
            (5.065000e+04    1.386312e-16)
            (5.571500e+04    1.589190e-16)
            (6.078000e+04    1.819147e-16)
            (6.584500e+04    2.085035e-16)
            (7.091000e+04    2.400086e-16)
            (7.597500e+04    2.785433e-16)
            (8.104000e+04    3.278519e-16)
            (8.610500e+04    3.959229e-16)
            (9.117000e+04    5.058441e-16)
            (9.623500e+04    7.439420e-16)
            (1.013000e+05    1.414393e-15)
            (1.063650e+05    3.318626e-15)
            (1.114300e+05    7.617676e-15)
            (1.164950e+05    1.534164e-14)
            (1.215600e+05    2.650199e-14)
            (1.266250e+05    4.024027e-14)
            (1.316900e+05    5.514144e-14)
            (1.367550e+05    6.945545e-14)
            (1.418200e+05    8.126269e-14)
            (1.468850e+05    8.859070e-14)
            (1.519500e+05    8.949385e-14)
            (1.570150e+05    8.210488e-14)
            (1.620800e+05    6.466715e-14)
            (1.671450e+05    3.555253e-14)
            (1.722100e+05    -6.731085e-15)
            (1.772750e+05    -6.353718e-14)
            (1.823400e+05    -1.360806e-13)
            (1.874050e+05    -2.254414e-13)
            (1.924700e+05    -3.325836e-13)
            (1.975350e+05    -4.583882e-13)
            (2.026000e+05    -6.036788e-13)
            (2.076650e+05    -7.691037e-13)
            (2.127300e+05    -9.546996e-13)
            (2.177950e+05    -1.159895e-12)
            (2.228600e+05    -1.386937e-12)
            (2.279250e+05    -1.642266e-12)
            (2.329900e+05    -1.923742e-12)
            (2.380550e+05    -2.189421e-12)
            (2.431200e+05    -2.503793e-12)
            (2.481850e+05    -2.902280e-12)
            (2.532500e+05    -3.329921e-12)
        )
    )
    (
        6e-06
        (
            (0.000000e+00    0.000000e+00)
            (1.013000e+04    4.189227e-17)
            (1.519500e+04    6.334752e-17)
            (2.026000e+04    8.543539e-17)
            (2.532500e+04    1.084052e-16)
            (3.039000e+04    1.325438e-16)
            (3.545500e+04    1.581918e-16)
            (4.052000e+04    1.857652e-16)
            (4.558500e+04    2.157878e-16)
            (5.065000e+04    2.489388e-16)
            (5.571500e+04    2.861286e-16)
            (6.078000e+04    3.286244e-16)
            (6.584500e+04    3.782711e-16)
            (7.091000e+04    4.379238e-16)
            (7.597500e+04    5.124234e-16)
            (8.104000e+04    6.113520e-16)
            (8.610500e+04    7.586261e-16)
            (9.117000e+04    1.027314e-15)
            (9.623500e+04    1.639489e-15)
            (1.013000e+05    3.150533e-15)
            (1.063650e+05    6.459330e-15)
            (1.114300e+05    1.264094e-14)
            (1.164950e+05    2.234828e-14)
            (1.215600e+05    3.520857e-14)
            (1.266250e+05    5.013722e-14)
            (1.316900e+05    6.558317e-14)
            (1.367550e+05    7.972098e-14)
            (1.418200e+05    9.059379e-14)
            (1.468850e+05    9.622057e-14)
            (1.519500e+05    9.466722e-14)
            (1.570150e+05    8.408440e-14)
            (1.620800e+05    6.274738e-14)
            (1.671450e+05    2.905810e-14)
            (1.722100e+05    -1.842210e-14)
            (1.772750e+05    -8.103822e-14)
            (1.823400e+05    -1.600217e-13)
            (1.874050e+05    -2.561431e-13)
            (1.924700e+05    -3.705604e-13)
            (1.975350e+05    -5.050206e-13)
            (2.026000e+05    -6.578306e-13)
            (2.076650e+05    -8.292400e-13)
            (2.127300e+05    -1.030078e-12)
            (2.177950e+05    -1.244725e-12)
            (2.228600e+05    -1.467970e-12)
            (2.279250e+05    -1.763004e-12)
            (2.329900e+05    -1.984013e-12)
            (2.380550e+05    -2.328892e-12)
            (2.431200e+05    -2.778136e-12)
            (2.481850e+05    -2.985232e-12)
            (2.532500e+05    -3.555950e-12)
        )
    )
    (
        7e-06
        (
            (0.000000e+00    0.000000e+00)
            (1.013000e+04    6.798168e-17)
            (1.519500e+04    1.028298e-16)
            (2.026000e+04    1.387446e-16)
            (2.532500e+04    1.761489e-16)
            (3.039000e+04    2.155318e-16)
            (3.545500e+04    2.574773e-16)
            (4.052000e+04    3.027042e-16)
            (4.558500e+04    3.521249e-16)
            (5.065000e+04    4.069355e-16)
            (5.571500e+04    4.687612e-16)
            (6.078000e+04    5.399033e-16)
            (6.584500e+04    6.238022e-16)
            (7.091000e+04    7.260194e-16)
            (7.597500e+04    8.567425e-16)
            (8.104000e+04    1.038351e-15)
            (8.610500e+04    1.329335e-15)
            (9.117000e+04    1.889320e-15)
            (9.623500e+04    3.099198e-15)
            (1.013000e+05    5.663407e-15)
            (1.063650e+05    1.041921e-14)
            (1.114300e+05    1.836731e-14)
            (1.164950e+05    2.981151e-14)
            (1.215600e+05    4.407585e-14)
            (1.266250e+05    5.990104e-14)
            (1.316900e+05    7.561838e-14)
            (1.367550e+05    8.935223e-14)
            (1.418200e+05    9.910863e-14)
            (1.468850e+05    1.029053e-13)
            (1.519500e+05    9.882712e-14)
            (1.570150e+05    8.502205e-14)
            (1.620800e+05    5.981844e-14)
            (1.671450e+05    2.167930e-14)
            (1.722100e+05    -3.101441e-14)
            (1.772750e+05    -9.904033e-14)
            (1.823400e+05    -1.842924e-13)
            (1.874050e+05    -2.876192e-13)
            (1.924700e+05    -4.072459e-13)
            (1.975350e+05    -5.534908e-13)
            (2.026000e+05    -7.054565e-13)
            (2.076650e+05    -8.984441e-13)
            (2.127300e+05    -1.093755e-12)
            (2.177950e+05    -1.319103e-12)
            (2.228600e+05    -1.619588e-12)
            (2.279250e+05    -1.821877e-12)
            (2.329900e+05    -2.249803e-12)
            (2.380550e+05    -2.441157e-12)
            (2.431200e+05    -3.018805e-12)
            (2.481850e+05    -3.230970e-12)
            (2.532500e+05    -4.103999e-12)
        )
    )
    (
        8e-06
        (
            (0.000000e+00    0.000000e+00)
            (1.013000e+04    1.031943e-16)
            (1.519500e+04    1.561317e-16)
            (2.026000e+04    2.107384e-16)
            (2.532500e+04    2.676797e-16)
            (3.039000e+04    3.277288e-16)
            (3.545500e+04    3.918133e-16)
            (4.052000e+04    4.610824e-16)
            (4.558500e+04    5.370069e-16)
            (5.065000e+04    6.215356e-16)
            (5.571500e+04    7.173513e-16)
            (6.078000e+04    8.283295e-16)
            (6.584500e+04    9.604532e-16)
            (7.091000e+04    1.123937e-15)
            (7.597500e+04    1.338936e-15)
            (8.104000e+04    1.651784e-15)
            (8.610500e+04    2.177259e-15)
            (9.117000e+04    3.182207e-15)
            (9.623500e+04    5.189269e-15)
            (1.013000e+05    8.885741e-15)
            (1.063650e+05    1.506843e-14)
            (1.114300e+05    2.465620e-14)
            (1.164950e+05    3.762333e-14)
            (1.215600e+05    5.307173e-14)
            (1.266250e+05    6.952475e-14)
            (1.316900e+05    8.532646e-14)
            (1.367550e+05    9.839665e-14)
            (1.418200e+05    1.069368e-13)
            (1.468850e+05    1.086873e-13)
            (1.519500e+05    1.020613e-13)
            (1.570150e+05    8.492213e-14)
            (1.620800e+05    5.581978e-14)
            (1.671450e+05    1.333857e-14)
            (1.722100e+05    -4.483637e-14)
            (1.772750e+05    -1.173787e-13)
            (1.823400e+05    -2.112848e-13)
            (1.874050e+05    -3.156098e-13)
            (1.924700e+05    -4.542383e-13)
            (1.975350e+05    -5.867838e-13)
            (2.026000e+05    -7.852559e-13)
            (2.076650e+05    -9.363640e-13)
            (2.127300e+05    -1.218376e-12)
            (2.177950e+05    -1.381925e-12)
            (2.228600e+05    -1.770568e-12)
            (2.279250e+05    -1.898925e-12)
            (2.329900e+05    -2.077369e-12)
            (2.380550e+05    -2.270627e-12)
            (2.431200e+05    -2.725464e-12)
            (2.481850e+05    -3.791269e-12)
            (2.532500e+05    -3.750319e-12)
        )
    )
    (
        9e-06
        (
            (0.000000e+00    0.000000e+00)
            (1.013000e+04    1.489198e-16)
            (1.519500e+04    2.253617e-16)
            (2.026000e+04    3.042749e-16)
            (2.532500e+04    3.866492e-16)
            (3.039000e+04    4.736395e-16)
            (3.545500e+04    5.666378e-16)
            (4.052000e+04    6.673799e-16)
            (4.558500e+04    7.781064e-16)
            (5.065000e+04    9.018165e-16)
            (5.571500e+04    1.042702e-15)
            (6.078000e+04    1.206966e-15)
            (6.584500e+04    1.404565e-15)
            (7.091000e+04    1.653463e-15)
            (7.597500e+04    1.990701e-15)
            (8.104000e+04    2.500008e-15)
            (8.610500e+04    3.369250e-15)
            (9.117000e+04    4.973598e-15)
            (9.623500e+04    7.907480e-15)
            (1.013000e+05    1.274751e-14)
            (1.063650e+05    2.029055e-14)
            (1.114300e+05    3.138537e-14)
            (1.164950e+05    4.566386e-14)
            (1.215600e+05    6.214272e-14)
            (1.266250e+05    7.893847e-14)
            (1.316900e+05    9.468658e-14)
            (1.367550e+05    1.068927e-13)
            (1.418200e+05    1.139531e-13)
            (1.468850e+05    1.137535e-13)
            (1.519500e+05    1.041303e-13)
            (1.570150e+05    8.382233e-14)
            (1.620800e+05    5.092145e-14)
            (1.671450e+05    3.017789e-15)
            (1.722100e+05    -5.847059e-14)
            (1.772750e+05    -1.389707e-13)
            (1.823400e+05    -2.370053e-13)
            (1.874050e+05    -3.436684e-13)
            (1.924700e+05    -4.992539e-13)
            (1.975350e+05    -6.181595e-13)
            (2.026000e+05    -8.623293e-13)
            (2.076650e+05    -9.997500e-13)
            (2.127300e+05    -1.336502e-12)
            (2.177950e+05    -1.519460e-12)
            (2.228600e+05    -1.640969e-12)
            (2.279250e+05    -2.227307e-12)
            (2.329900e+05    -2.337248e-12)
            (2.380550e+05    -3.286197e-12)
            (2.431200e+05    -2.999513e-12)
            (2.481850e+05    -2.997933e-12)
            (2.532500e+05    -5.687995e-12)
        )
    )
    (
        1e-05
        (
            (0.000000e+00    0.000000e+00)
            (1.013000e+04    2.065541e-16)
            (1.519500e+04    3.126390e-16)
            (2.026000e+04    4.222283e-16)
            (2.532500e+04    5.367326e-16)
            (3.039000e+04    6.578032e-16)
            (3.545500e+04    7.874397e-16)
            (4.052000e+04    9.281542e-16)
            (4.558500e+04    1.083215e-15)
            (5.065000e+04    1.257049e-15)
            (5.571500e+04    1.455954e-15)
            (6.078000e+04    1.689521e-15)
            (6.584500e+04    1.973796e-15)
            (7.091000e+04    2.338919e-15)
            (7.597500e+04    2.847365e-15)
            (8.104000e+04    3.632690e-15)
            (8.610500e+04    4.963421e-15)
            (9.117000e+04    7.305796e-15)
            (9.623500e+04    1.121354e-14)
            (1.013000e+05    1.715740e-14)
            (1.063650e+05    2.597731e-14)
            (1.114300e+05    3.843308e-14)
            (1.164950e+05    5.394712e-14)
            (1.215600e+05    7.086957e-14)
            (1.266250e+05    8.850741e-14)
            (1.316900e+05    1.032663e-13)
            (1.367550e+05    1.148142e-13)
            (1.418200e+05    1.205648e-13)
            (1.468850e+05    1.171709e-13)
            (1.519500e+05    1.058925e-13)
            (1.570150e+05    8.118131e-14)
            (1.620800e+05    4.518938e-14)
            (1.671450e+05    -9.475353e-15)
            (1.722100e+05    -7.150036e-14)
            (1.772750e+05    -1.664607e-13)
            (1.823400e+05    -2.658020e-13)
            (1.874050e+05    -3.633454e-13)
            (1.924700e+05    -5.608919e-13)
            (1.975350e+05    -6.754785e-13)
            (2.026000e+05    -8.994139e-13)
            (2.076650e+05    -1.105024e-12)
            (2.127300e+05    -1.225592e-12)
            (2.177950e+05    -1.781507e-12)
            (2.228600e+05    -1.968968e-12)
            (2.279250e+05    -2.153504e-12)
            (2.329900e+05    -2.978367e-12)
            (2.380550e+05    -2.715047e-12)
            (2.431200e+05    -3.262033e-12)
            (2.481850e+05    -5.367849e-12)
            (2.532500e+05    -5.654401e-12)
        )
    )
    (
        1.1e-05
        (
            (0.000000e+00    0.000000e+00)
            (1.013000e+04    2.774982e-16)
            (1.519500e+04    4.200913e-16)
            (2.026000e+04    5.674867e-16)
            (2.532500e+04    7.216272e-16)
            (3.039000e+04    8.847926e-16)
            (3.545500e+04    1.059761e-15)
            (4.052000e+04    1.250046e-15)
            (4.558500e+04    1.460260e-15)
            (5.065000e+04    1.696734e-15)
            (5.571500e+04    1.968671e-15)
            (6.078000e+04    2.290526e-15)
            (6.584500e+04    2.687354e-15)
            (7.091000e+04    3.207042e-15)
            (7.597500e+04    3.946326e-15)
            (8.104000e+04    5.097352e-15)
            (8.610500e+04    7.007310e-15)
            (9.117000e+04    1.019242e-14)
            (9.623500e+04    1.505605e-14)
            (1.013000e+05    2.211793e-14)
            (1.063650e+05    3.197698e-14)
            (1.114300e+05    4.583135e-14)
            (1.164950e+05    6.165136e-14)
            (1.215600e+05    8.024575e-14)
            (1.266250e+05    9.733644e-14)
            (1.316900e+05    1.107987e-13)
            (1.367550e+05    1.232114e-13)
            (1.418200e+05    1.253589e-13)
            (1.468850e+05    1.198715e-13)
            (1.519500e+05    1.064010e-13)
            (1.570150e+05    7.718475e-14)
            (1.620800e+05    3.894767e-14)
            (1.671450e+05    -2.513183e-14)
            (1.722100e+05    -9.018201e-14)
            (1.772750e+05    -1.704887e-13)
            (1.823400e+05    -3.155536e-13)
            (1.874050e+05    -4.088367e-13)
            (1.924700e+05    -5.124419e-13)
            (1.975350e+05    -7.901930e-13)
            (2.026000e+05    -9.227987e-13)
            (2.076650e+05    -1.020039e-12)
            (2.127300e+05    -1.543345e-12)
            (2.177950e+05    -1.462198e-12)
            (2.228600e+05    -2.525598e-12)
            (2.279250e+05    -2.196080e-12)
            (2.329900e+05    -2.710812e-12)
            (2.380550e+05    -3.039551e-12)
            (2.431200e+05    -5.283630e-12)
            (2.481850e+05    -5.451198e-12)
            (2.532500e+05    -5.943708e-12)
        )
    )
    (
        1.2e-05
        (
            (0.000000e+00    0.000000e+00)
            (1.013000e+04    3.631572e-16)
            (1.519500e+04    5.498540e-16)
            (2.026000e+04    7.429521e-16)
            (2.532500e+04    9.450514e-16)
            (3.039000e+04    1.159215e-15)
            (3.545500e+04    1.389199e-15)
            (4.052000e+04    1.639786e-15)
            (4.558500e+04    1.917319e-15)
            (5.065000e+04    2.230646e-15)
            (5.571500e+04    2.592931e-15)
            (6.078000e+04    3.025471e-15)
            (6.584500e+04    3.566028e-15)
            (7.091000e+04    4.286370e-15)
            (7.597500e+04    5.325114e-15)
            (8.104000e+04    6.936647e-15)
            (8.610500e+04    9.534398e-15)
            (9.117000e+04    1.361277e-14)
            (9.623500e+04    1.936896e-14)
            (1.013000e+05    2.740913e-14)
            (1.063650e+05    3.852826e-14)
            (1.114300e+05    5.295762e-14)
            (1.164950e+05    6.917796e-14)
            (1.215600e+05    8.981168e-14)
            (1.266250e+05    1.056660e-13)
            (1.316900e+05    1.171662e-13)
            (1.367550e+05    1.308587e-13)
            (1.418200e+05    1.303881e-13)
            (1.468850e+05    1.200730e-13)
            (1.519500e+05    1.065172e-13)
            (1.570150e+05    7.107165e-14)
            (1.620800e+05    2.930411e-14)
            (1.671450e+05    -3.316816e-14)
            (1.722100e+05    -1.261823e-13)
            (1.772750e+05    -1.993340e-13)
            (1.823400e+05    -2.787627e-13)
            (1.874050e+05    -5.140567e-13)
            (1.924700e+05    -5.877112e-13)
            (1.975350e+05    -7.362434e-13)
            (2.026000e+05    -1.171071e-12)
            (2.076650e+05    -9.873512e-13)
            (2.127300e+05    -1.485857e-12)
            (2.177950e+05    -2.301782e-12)
            (2.228600e+05    -2.088772e-12)
            (2.279250e+05    -2.006780e-12)
            (2.329900e+05    -2.888155e-12)
            (2.380550e+05    -5.073162e-12)
            (2.431200e+05    -5.404795e-12)
            (2.481850e+05    -3.669117e-12)
            (2.532500e+05    -4.759841e-12)
        )
    )
    (
        1.3e-05
        (
            (0.000000e+00    0.000000e+00)
            (1.013000e+04    4.649382e-16)
            (1.519500e+04    7.040672e-16)
            (2.026000e+04    9.515338e-16)
            (2.532500e+04    1.210738e-15)
            (3.039000e+04    1.485706e-15)
            (3.545500e+04    1.781402e-15)
            (4.052000e+04    2.104195e-15)
            (4.558500e+04    2.462640e-15)
            (5.065000e+04    2.868875e-15)
            (5.571500e+04    3.341402e-15)
            (6.078000e+04    3.910857e-15)
            (6.584500e+04    4.631943e-15)
            (7.091000e+04    5.606239e-15)
            (7.597500e+04    7.019394e-15)
            (8.104000e+04    9.185725e-15)
            (8.610500e+04    1.255967e-14)
            (9.117000e+04    1.752708e-14)
            (9.623500e+04    2.408141e-14)
            (1.013000e+05    3.308541e-14)
            (1.063650e+05    4.491488e-14)
            (1.114300e+05    6.089441e-14)
            (1.164950e+05    7.560031e-14)
            (1.215600e+05    9.759262e-14)
            (1.266250e+05    1.163848e-13)
            (1.316900e+05    1.231621e-13)
            (1.367550e+05    1.312467e-13)
            (1.418200e+05    1.386848e-13)
            (1.468850e+05    1.212921e-13)
            (1.519500e+05    9.909143e-14)
            (1.570150e+05    6.764256e-14)
            (1.620800e+05    9.004139e-15)
            (1.671450e+05    -4.530268e-14)
            (1.722100e+05    -1.038691e-13)
            (1.772750e+05    -2.794830e-13)
            (1.823400e+05    -3.443163e-13)
            (1.874050e+05    -4.381181e-13)
            (1.924700e+05    -8.273281e-13)
            (1.975350e+05    -8.992189e-13)
            (2.026000e+05    -9.841483e-13)
            (2.076650e+05    -1.208588e-12)
            (2.127300e+05    -2.029053e-12)
            (2.177950e+05    -1.625026e-12)
            (2.228600e+05    -2.480201e-12)
            (2.279250e+05    -2.848956e-12)
            (2.329900e+05    -4.816071e-12)
            (2.380550e+05    -4.631418e-12)
            (2.431200e+05    -5.475656e-12)
            (2.481850e+05    -4.850854e-12)
            (2.532500e+05    -3.928272e-12)
        )
    )
    (
        1.4e-05
        (
            (0.000000e+00    0.000000e+00)
            (1.013000e+04    5.842486e-16)
            (1.519500e+04    8.848713e-16)
            (2.026000e+04    1.196146e-15)
            (2.532500e+04    1.522434e-15)
            (3.039000e+04    1.868928e-15)
            (3.545500e+04    2.242068e-15)
            (4.052000e+04    2.650196e-15)
            (4.558500e+04    3.104657e-15)
            (5.065000e+04    3.621866e-15)
            (5.571500e+04    4.227377e-15)
            (6.078000e+04    4.964084e-15)
            (6.584500e+04    5.907990e-15)
            (7.091000e+04    7.195285e-15)
            (7.597500e+04    9.060101e-15)
            (8.104000e+04    1.186630e-14)
            (8.610500e+04    1.606411e-14)
            (9.117000e+04    2.191291e-14)
            (9.623500e+04    2.906428e-14)
            (1.013000e+05    3.967446e-14)
            (1.063650e+05    4.955345e-14)
            (1.114300e+05    7.108501e-14)
            (1.164950e+05    8.483894e-14)
            (1.215600e+05    9.814861e-14)
            (1.266250e+05    1.245683e-13)
            (1.316900e+05    1.377732e-13)
            (1.367550e+05    1.331663e-13)
            (1.418200e+05    1.286215e-13)
            (1.468850e+05    1.301231e-13)
            (1.519500e+05    9.409664e-14)
            (1.570150e+05    5.688408e-14)
            (1.620800e+05    1.702600e-14)
            (1.671450e+05    -9.499824e-14)
            (1.722100e+05    -1.616199e-13)
            (1.772750e+05    -2.602916e-13)
            (1.823400e+05    -3.157185e-13)
            (1.874050e+05    -6.650809e-13)
            (1.924700e+05    -6.838716e-13)
            (1.975350e+05    -8.649747e-13)
            (2.026000e+05    -9.100018e-13)
            (2.076650e+05    -1.721824e-12)
            (2.127300e+05    -1.695977e-12)
            (2.177950e+05    -1.437078e-12)
            (2.228600e+05    -2.109017e-12)
            (2.279250e+05    -4.598880e-12)
            (2.329900e+05    -4.326083e-12)
            (2.380550e+05    -5.102442e-12)
            (2.431200e+05    -4.598232e-12)
            (2.481850e+05    -5.809336e-12)
            (2.532500e+05    -6.029751e-12)
        )
    )
    (
        1.5e-05
        (
            (0.000000e+00    0.000000e+00)
            (1.013000e+04    7.224910e-16)
            (1.519500e+04    1.094404e-15)
            (2.026000e+04    1.479702e-15)
            (2.532500e+04    1.883890e-15)
            (3.039000e+04    2.313561e-15)
            (3.545500e+04    2.776944e-15)
            (4.052000e+04    3.284804e-15)
            (4.558500e+04    3.852003e-15)
            (5.065000e+04    4.500438e-15)
            (5.571500e+04    5.264766e-15)
            (6.078000e+04    6.203379e-15)
            (6.584500e+04    7.417860e-15)
            (7.091000e+04    9.082754e-15)
            (7.597500e+04    1.147974e-14)
            (8.104000e+04    1.500560e-14)
            (8.610500e+04    2.002274e-14)
            (9.117000e+04    2.655285e-14)
            (9.623500e+04    3.482396e-14)
            (1.013000e+05    4.507163e-14)
            (1.063650e+05    5.717888e-14)
            (1.114300e+05    6.943833e-14)
            (1.164950e+05    1.017669e-13)
            (1.215600e+05    1.130473e-13)
            (1.266250e+05    1.175321e-13)
            (1.316900e+05    1.287290e-13)
            (1.367550e+05    1.550358e-13)
            (1.418200e+05    1.356116e-13)
            (1.468850e+05    1.132024e-13)
            (1.519500e+05    8.968130e-14)
            (1.570150e+05    4.021306e-14)
            (1.620800e+05    -1.994424e-14)
            (1.671450e+05    -7.752175e-14)
            (1.722100e+05    -1.394160e-13)
            (1.772750e+05    -4.063021e-13)
            (1.823400e+05    -4.604029e-13)
            (1.874050e+05    -5.599199e-13)
            (1.924700e+05    -7.555091e-13)
            (1.975350e+05    -1.361780e-12)
            (2.026000e+05    -9.120824e-13)
            (2.076650e+05    -1.236407e-12)
            (2.127300e+05    -1.544853e-12)
            (2.177950e+05    -1.835421e-12)
            (2.228600e+05    -4.311246e-12)
            (2.279250e+05    -4.052124e-12)
            (2.329900e+05    -2.905086e-12)
            (2.380550e+05    -2.763749e-12)
            (2.431200e+05    -5.429828e-12)
            (2.481850e+05    -6.688877e-12)
            (2.532500e+05    -4.488314e-11)
        )
    )
    (
        1.6e-05
        (
            (0.000000e+00    0.000000e+00)
            (1.013000e+04    8.810613e-16)
            (1.519500e+04    1.334793e-15)
            (2.026000e+04    1.805105e-15)
            (2.532500e+04    2.298855e-15)
            (3.039000e+04    2.824295e-15)
            (3.545500e+04    3.391812e-15)
            (4.052000e+04    4.015137e-15)
            (4.558500e+04    4.713519e-15)
            (5.065000e+04    5.515796e-15)
            (5.571500e+04    6.468072e-15)
            (6.078000e+04    7.647579e-15)
            (6.584500e+04    9.185118e-15)
            (7.091000e+04    1.129523e-14)
            (7.597500e+04    1.430266e-14)
            (8.104000e+04    1.862547e-14)
            (8.610500e+04    2.457185e-14)
            (9.117000e+04    3.137137e-14)
            (9.623500e+04    4.147650e-14)
            (1.013000e+05    4.886767e-14)
            (1.063650e+05    7.003882e-14)
            (1.114300e+05    8.108271e-14)
            (1.164950e+05    8.831588e-14)
            (1.215600e+05    1.102917e-13)
            (1.266250e+05    1.491864e-13)
            (1.316900e+05    1.416973e-13)
            (1.367550e+05    1.313193e-13)
            (1.418200e+05    1.214791e-13)
            (1.468850e+05    1.285077e-13)
            (1.519500e+05    7.728545e-14)
            (1.570150e+05    4.279472e-14)
            (1.620800e+05    -2.006207e-14)
            (1.671450e+05    -6.100384e-14)
            (1.722100e+05    -2.884550e-13)
            (1.772750e+05    -3.149859e-13)
            (1.823400e+05    -4.740917e-13)
            (1.874050e+05    -7.358952e-13)
            (1.924700e+05    -1.253996e-12)
            (1.975350e+05    -1.334430e-12)
            (2.026000e+05    -1.261973e-12)
            (2.076650e+05    -1.325547e-12)
            (2.127300e+05    -2.741590e-12)
            (2.177950e+05    -4.059748e-12)
            (2.228600e+05    -4.534475e-12)
            (2.279250e+05    -3.996316e-12)
            (2.329900e+05    -5.138422e-12)
            (2.380550e+05    -5.085240e-12)
            (2.431200e+05    -5.157619e-12)
            (2.481850e+05    -4.386776e-11)
            (2.532500e+05    -4.531188e-11)
        )
    )
    (
        1.7e-05
        (
            (0.000000e+00    0.000000e+00)
            (1.013000e+04    1.061344e-15)
            (1.519500e+04    1.608151e-15)
            (2.026000e+04    2.175242e-15)
            (2.532500e+04    2.771059e-15)
            (3.039000e+04    3.405820e-15)
            (3.545500e+04    4.092484e-15)
            (4.052000e+04    4.848396e-15)
            (4.558500e+04    5.698221e-15)
            (5.065000e+04    6.679347e-15)
            (5.571500e+04    7.851646e-15)
            (6.078000e+04    9.313797e-15)
            (6.584500e+04    1.122705e-14)
            (7.091000e+04    1.384162e-14)
            (7.597500e+04    1.750387e-14)
            (8.104000e+04    2.256681e-14)
            (8.610500e+04    2.910003e-14)
            (9.117000e+04    3.790299e-14)
            (9.623500e+04    4.458069e-14)
            (1.013000e+05    6.251076e-14)
            (1.063650e+05    6.515921e-14)
            (1.114300e+05    7.742424e-14)
            (1.164950e+05    1.230885e-13)
            (1.215600e+05    1.225116e-13)
            (1.266250e+05    1.209028e-13)
            (1.316900e+05    1.213149e-13)
            (1.367550e+05    1.727363e-13)
            (1.418200e+05    1.383436e-13)
            (1.468850e+05    1.109190e-13)
            (1.519500e+05    8.016544e-14)
            (1.570150e+05    3.619433e-14)
            (1.620800e+05    -9.858192e-14)
            (1.671450e+05    -1.550685e-13)
            (1.722100e+05    -2.855740e-13)
            (1.772750e+05    -3.434011e-13)
            (1.823400e+05    -8.899120e-13)
            (1.874050e+05    -1.046147e-12)
            (1.924700e+05    -7.285183e-13)
            (1.975350e+05    -1.224515e-12)
            (2.026000e+05    -1.148968e-12)
            (2.076650e+05    -3.675571e-12)
            (2.127300e+05    -3.827558e-12)
            (2.177950e+05    -4.266640e-12)
            (2.228600e+05    -3.750033e-12)
            (2.279250e+05    -2.190984e-12)
            (2.329900e+05    -4.130558e-12)
            (2.380550e+05    -5.614570e-12)
            (2.431200e+05    -4.289627e-11)
            (2.481850e+05    -4.428571e-11)
            (2.532500e+05    -4.570988e-11)
        )
    )
    (
        1.8e-05
        (
            (0.000000e+00    0.000000e+00)
            (1.013000e+04    1.264705e-15)
            (1.519500e+04    1.916564e-15)
            (2.026000e+04    2.592971e-15)
            (2.532500e+04    3.304213e-15)
            (3.039000e+04    4.062811e-15)
            (3.545500e+04    4.884793e-15)
            (4.052000e+04    5.791879e-15)
            (4.558500e+04    6.815371e-15)
            (5.065000e+04    8.003150e-15)
            (5.571500e+04    9.431674e-15)
            (6.078000e+04    1.122456e-14)
            (6.584500e+04    1.357690e-14)
            (7.091000e+04    1.677725e-14)
            (7.597500e+04    2.120341e-14)
            (8.104000e+04    2.723049e-14)
            (8.610500e+04    3.451509e-14)
            (9.117000e+04    4.153292e-14)
            (9.623500e+04    5.601351e-14)
            (1.013000e+05    5.811152e-14)
            (1.063650e+05    7.976490e-14)
            (1.114300e+05    9.597342e-14)
            (1.164950e+05    9.860128e-14)
            (1.215600e+05    1.006572e-13)
            (1.266250e+05    1.674539e-13)
            (1.316900e+05    1.641426e-13)
            (1.367550e+05    1.426672e-13)
            (1.418200e+05    1.333597e-13)
            (1.468850e+05    9.421567e-14)
            (1.519500e+05    6.089869e-14)
            (1.570150e+05    -2.993940e-14)
            (1.620800e+05    -6.380212e-14)
            (1.671450e+05    -1.093048e-13)
            (1.722100e+05    -2.008581e-13)
            (1.772750e+05    -3.468415e-13)
            (1.823400e+05    -9.173114e-13)
            (1.874050e+05    -1.052337e-12)
            (1.924700e+05    -8.660546e-13)
            (1.975350e+05    -9.497366e-13)
            (2.026000e+05    -3.454066e-12)
            (2.076650e+05    -3.601920e-12)
            (2.127300e+05    -3.725945e-12)
            (2.177950e+05    -2.700204e-12)
            (2.228600e+05    -2.478337e-12)
            (2.279250e+05    -4.549923e-12)
            (2.329900e+05    -1.612945e-12)
            (2.380550e+05    -2.885133e-12)
            (2.431200e+05    -4.325792e-11)
            (2.481850e+05    -4.469767e-11)
            (2.532500e+05    -4.609034e-11)
        )
    )
    (
        1.9e-05
        (
            (0.000000e+00    0.000000e+00)
            (1.013000e+04    1.492488e-15)
            (1.519500e+04    2.262087e-15)
            (2.026000e+04    3.061114e-15)
            (2.532500e+04    3.901985e-15)
            (3.039000e+04    4.799916e-15)
            (3.545500e+04    5.774569e-15)
            (4.052000e+04    6.852898e-15)
            (4.558500e+04    8.074128e-15)
            (5.065000e+04    9.498375e-15)
            (5.571500e+04    1.122046e-14)
            (6.078000e+04    1.338951e-14)
            (6.584500e+04    1.623048e-14)
            (7.091000e+04    2.005220e-14)
            (7.597500e+04    2.518692e-14)
            (8.104000e+04    3.168652e-14)
            (8.610500e+04    3.924006e-14)
            (9.117000e+04    5.098086e-14)
            (9.623500e+04    5.456904e-14)
            (1.013000e+05    7.478956e-14)
            (1.063650e+05    8.021570e-14)
            (1.114300e+05    8.867527e-14)
            (1.164950e+05    9.285656e-14)
            (1.215600e+05    1.607760e-13)
            (1.266250e+05    1.456629e-13)
            (1.316900e+05    1.455527e-13)
            (1.367550e+05    1.405227e-13)
            (1.418200e+05    1.031294e-13)
            (1.468850e+05    9.655966e-14)
            (1.519500e+05    4.691505e-14)
            (1.570150e+05    2.321745e-14)
            (1.620800e+05    -5.392867e-14)
            (1.671450e+05    -1.626963e-13)
            (1.722100e+05    -5.886090e-13)
            (1.772750e+05    -7.212660e-13)
            (1.823400e+05    -6.438203e-13)
            (1.874050e+05    -4.568202e-13)
            (1.924700e+05    -1.008527e-12)
            (1.975350e+05    -3.212945e-12)
            (2.026000e+05    -3.340422e-12)
            (2.076650e+05    -3.477992e-12)
            (2.127300e+05    -2.579692e-12)
            (2.177950e+05    -4.062013e-12)
            (2.228600e+05    -4.239428e-12)
            (2.279250e+05    -4.249558e-12)
            (2.329900e+05    -2.682970e-12)
            (2.380550e+05    -4.222913e-11)
            (2.431200e+05    -4.368452e-11)
            (2.481850e+05    -4.509158e-11)
            (2.532500e+05    -4.640469e-11)
        )
    )
    (
        2e-05
        (
            (0.000000e+00    0.000000e+00)
            (1.013000e+04    1.746012e-15)
            (1.519500e+04    2.646736e-15)
            (2.026000e+04    3.582441e-15)
            (2.532500e+04    4.567993e-15)
            (3.039000e+04    5.621739e-15)
            (3.545500e+04    6.767635e-15)
            (4.052000e+04    8.038861e-15)
            (4.558500e+04    9.484050e-15)
            (5.065000e+04    1.117741e-14)
            (5.571500e+04    1.323373e-14)
            (6.078000e+04    1.582706e-14)
            (6.584500e+04    1.920678e-14)
            (7.091000e+04    2.369378e-14)
            (7.597500e+04    2.962761e-14)
            (8.104000e+04    3.733613e-14)
            (8.610500e+04    4.643079e-14)
            (9.117000e+04    5.185737e-14)
            (9.623500e+04    6.470608e-14)
            (1.013000e+05    7.254143e-14)
            (1.063650e+05    8.167709e-14)
            (1.114300e+05    1.428880e-13)
            (1.164950e+05    1.307787e-13)
            (1.215600e+05    1.319121e-13)
            (1.266250e+05    1.422585e-13)
            (1.316900e+05    1.182530e-13)
            (1.367550e+05    1.880242e-13)
            (1.418200e+05    1.234042e-13)
            (1.468850e+05    6.945362e-14)
            (1.519500e+05    6.869218e-14)
            (1.570150e+05    1.029054e-16)
            (1.620800e+05    -1.847036e-13)
            (1.671450e+05    -4.597600e-13)
            (1.722100e+05    -5.865143e-13)
            (1.772750e+05    -2.983275e-13)
            (1.823400e+05    -8.093064e-13)
            (1.874050e+05    -7.658244e-13)
            (1.924700e+05    -1.122788e-12)
            (1.975350e+05    -3.059077e-12)
            (2.026000e+05    -1.700482e-12)
            (2.076650e+05    -3.871906e-12)
            (2.127300e+05    -1.292251e-12)
            (2.177950e+05    -3.348292e-12)
            (2.228600e+05    -2.794062e-12)
            (2.279250e+05    -2.765013e-12)
            (2.329900e+05    -4.121522e-11)
            (2.380550e+05    -4.266957e-11)
            (2.431200e+05    -4.409039e-11)
            (2.481850e+05    -4.543574e-11)
            (2.532500e+05    -4.683374e-11)
        )
    )
    (
        2.1e-05
        (
            (0.000000e+00    0.000000e+00)
            (1.013000e+04    2.026553e-15)
            (1.519500e+04    3.072475e-15)
            (2.026000e+04    4.159661e-15)
            (2.532500e+04    5.305785e-15)
            (3.039000e+04    6.532824e-15)
            (3.545500e+04    7.869766e-15)
            (4.052000e+04    9.357178e-15)
            (4.558500e+04    1.105488e-14)
            (5.065000e+04    1.305403e-14)
            (5.571500e+04    1.549403e-14)
            (6.078000e+04    1.858201e-14)
            (6.584500e+04    2.260625e-14)
            (7.091000e+04    2.792090e-14)
            (7.597500e+04    3.481717e-14)
            (8.104000e+04    4.261287e-14)
            (8.610500e+04    4.920802e-14)
            (9.117000e+04    6.115939e-14)
            (9.623500e+04    6.796540e-14)
            (1.013000e+05    7.836626e-14)
            (1.063650e+05    1.212866e-13)
            (1.114300e+05    1.124033e-13)
            (1.164950e+05    1.233654e-13)
            (1.215600e+05    1.433172e-13)
            (1.266250e+05    1.001882e-13)
            (1.316900e+05    1.885742e-13)
            (1.367550e+05    1.489452e-13)
            (1.418200e+05    1.239468e-13)
            (1.468850e+05    1.141351e-13)
            (1.519500e+05    6.362991e-14)
            (1.570150e+05    -1.971592e-13)
            (1.620800e+05    -3.232970e-13)
            (1.671450e+05    -1.085938e-13)
            (1.722100e+05    -4.990949e-13)
            (1.772750e+05    -6.460677e-13)
            (1.823400e+05    -4.622786e-13)
            (1.874050e+05    -9.712604e-13)
            (1.924700e+05    -2.815993e-12)
            (1.975350e+05    -2.419560e-12)
            (2.026000e+05    -9.287050e-13)
            (2.076650e+05    -2.770319e-12)
            (2.127300e+05    -1.492157e-12)
            (2.177950e+05    -4.379437e-12)
            (2.228600e+05    -4.663285e-12)
            (2.279250e+05    -4.025017e-11)
            (2.329900e+05    -4.165376e-11)
            (2.380550e+05    -4.308870e-11)
            (2.431200e+05    -4.446459e-11)
            (2.481850e+05    -4.584379e-11)
            (2.532500e+05    -4.755837e-11)
        )
    )
    (
        2.2e-05
        (
            (0.000000e+00    0.000000e+00)
            (1.013000e+04    2.335354e-15)
            (1.519500e+04    3.541207e-15)
            (2.026000e+04    4.795406e-15)
            (2.532500e+04    6.118825e-15)
            (3.039000e+04    7.537624e-15)
            (3.545500e+04    9.086597e-15)
            (4.052000e+04    1.081467e-14)
            (4.558500e+04    1.279362e-14)
            (5.065000e+04    1.513073e-14)
            (5.571500e+04    1.798435e-14)
            (6.078000e+04    2.157700e-14)
            (6.584500e+04    2.618864e-14)
            (7.091000e+04    3.207738e-14)
            (7.597500e+04    3.920526e-14)
            (8.104000e+04    4.715045e-14)
            (8.610500e+04    5.867192e-14)
            (9.117000e+04    6.644382e-14)
            (9.623500e+04    7.286305e-14)
            (1.013000e+05    7.865254e-14)
            (1.063650e+05    1.008508e-13)
            (1.114300e+05    1.151803e-13)
            (1.164950e+05    1.076432e-13)
            (1.215600e+05    2.240954e-13)
            (1.266250e+05    1.802182e-13)
            (1.316900e+05    1.577928e-13)
            (1.367550e+05    1.270810e-13)
            (1.418200e+05    1.420294e-13)
            (1.468850e+05    1.232395e-13)
            (1.519500e+05    9.003099e-14)
            (1.570150e+05    -2.105752e-13)
            (1.620800e+05    -4.061835e-14)
            (1.671450e+05    -3.042014e-13)
            (1.722100e+05    -4.841673e-13)
            (1.772750e+05    -7.668877e-13)
            (1.823400e+05    -2.538384e-12)
            (1.874050e+05    -2.612971e-12)
            (1.924700e+05    -2.993731e-12)
            (1.975350e+05    -1.324773e-12)
            (2.026000e+05    -3.517970e-12)
            (2.076650e+05    -3.849554e-12)
            (2.127300e+05    -3.445407e-12)
            (2.177950e+05    -4.265839e-12)
            (2.228600e+05    -3.899318e-11)
            (2.279250e+05    -4.064007e-11)
            (2.329900e+05    -4.208753e-11)
            (2.380550e+05    -4.348773e-11)
            (2.431200e+05    -4.483599e-11)
            (2.481850e+05    -4.616164e-11)
            (2.532500e+05    -4.754964e-11)
        )
    )
    (
        2.3e-05
        (
            (0.000000e+00    0.000000e+00)
            (1.013000e+04    2.673604e-15)
            (1.519500e+04    4.054772e-15)
            (2.026000e+04    5.492223e-15)
            (2.532500e+04    7.010479e-15)
            (3.039000e+04    8.640514e-15)
            (3.545500e+04    1.042385e-14)
            (4.052000e+04    1.241906e-14)
            (4.558500e+04    1.471143e-14)
            (5.065000e+04    1.742555e-14)
            (5.571500e+04    2.073824e-14)
            (6.078000e+04    2.488480e-14)
            (6.584500e+04    3.014383e-14)
            (7.091000e+04    3.678443e-14)
            (7.597500e+04    4.506443e-14)
            (8.104000e+04    5.600090e-14)
            (8.610500e+04    6.370085e-14)
            (9.117000e+04    6.572862e-14)
            (9.623500e+04    7.554142e-14)
            (1.013000e+05    9.345658e-14)
            (1.063650e+05    1.154218e-13)
            (1.114300e+05    1.129687e-13)
            (1.164950e+05    2.003538e-13)
            (1.215600e+05    1.706216e-13)
            (1.266250e+05    1.717488e-13)
            (1.316900e+05    1.553484e-13)
            (1.367550e+05    1.473378e-13)
            (1.418200e+05    1.804800e-13)
            (1.468850e+05    1.726221e-13)
            (1.519500e+05    -1.065908e-13)
            (1.570150e+05    -1.727073e-13)
            (1.620800e+05    -6.531933e-14)
            (1.671450e+05    -3.797716e-13)
            (1.722100e+05    -3.207531e-13)
            (1.772750e+05    -1.280034e-12)
            (1.823400e+05    -2.421202e-12)
            (1.874050e+05    -8.787511e-13)
            (1.924700e+05    -2.821295e-12)
            (1.975350e+05    -2.428507e-12)
            (2.026000e+05    -3.175704e-12)
            (2.076650e+05    -2.171638e-12)
            (2.127300e+05    -3.884793e-12)
            (2.177950e+05    -2.877926e-12)
            (2.228600e+05    -3.963647e-11)
            (2.279250e+05    -4.108565e-11)
            (2.329900e+05    -4.250219e-11)
            (2.380550e+05    -4.404410e-11)
            (2.431200e+05    -4.535014e-11)
            (2.481850e+05    -4.659649e-11)
            (2.532500e+05    -4.789415e-11)
        )
    )
    (
        2.4e-05
        (
            (0.000000e+00    0.000000e+00)
            (1.013000e+04    3.042440e-15)
            (1.519500e+04    4.614922e-15)
            (2.026000e+04    6.252561e-15)
            (2.532500e+04    7.984003e-15)
            (3.039000e+04    9.845748e-15)
            (3.545500e+04    1.188715e-14)
            (4.052000e+04    1.417830e-14)
            (4.558500e+04    1.682138e-14)
            (5.065000e+04    1.996500e-14)
            (5.571500e+04    2.381826e-14)
            (6.078000e+04    2.865779e-14)
            (6.584500e+04    3.481834e-14)
            (7.091000e+04    4.266276e-14)
            (7.597500e+04    5.237142e-14)
            (8.104000e+04    5.973375e-14)
            (8.610500e+04    6.425075e-14)
            (9.117000e+04    7.399042e-14)
            (9.623500e+04    8.814969e-14)
            (1.013000e+05    7.621608e-14)
            (1.063650e+05    1.166444e-13)
            (1.114300e+05    1.773608e-13)
            (1.164950e+05    1.593879e-13)
            (1.215600e+05    1.571888e-13)
            (1.266250e+05    1.558814e-13)
            (1.316900e+05    1.711547e-13)
            (1.367550e+05    1.120998e-13)
            (1.418200e+05    3.812976e-14)
            (1.468850e+05    1.418561e-14)
            (1.519500e+05    -9.939111e-14)
            (1.570150e+05    -9.827725e-14)
            (1.620800e+05    -2.581944e-13)
            (1.671450e+05    -3.785895e-13)
            (1.722100e+05    -2.072099e-12)
            (1.772750e+05    -2.198304e-12)
            (1.823400e+05    -2.584302e-12)
            (1.874050e+05    -3.487621e-13)
            (1.924700e+05    -2.397534e-12)
            (1.975350e+05    -1.239154e-12)
            (2.026000e+05    -2.988100e-12)
            (2.076650e+05    -2.137031e-12)
            (2.127300e+05    -2.914764e-12)
            (2.177950e+05    -3.866905e-11)
            (2.228600e+05    -4.008505e-11)
            (2.279250e+05    -4.151463e-11)
            (2.329900e+05    -4.288980e-11)
            (2.380550e+05    -4.428534e-11)
            (2.431200e+05    -4.572710e-11)
            (2.481850e+05    -4.694069e-11)
            (2.532500e+05    -4.831479e-11)
        )
    )
    (
        2.5e-05
        (
            (0.000000e+00    0.000000e+00)
            (1.013000e+04    3.442946e-15)
            (1.519500e+04    5.223332e-15)
            (2.026000e+04    7.078756e-15)
            (2.532500e+04    9.042511e-15)
            (3.039000e+04    1.115732e-14)
            (3.545500e+04    1.348126e-14)
            (4.052000e+04    1.609669e-14)
            (4.558500e+04    1.912268e-14)
            (5.065000e+04    2.272954e-14)
            (5.571500e+04    2.715040e-14)
            (6.078000e+04    3.267616e-14)
            (6.584500e+04    3.959070e-14)
            (7.091000e+04    4.785287e-14)
            (7.597500e+04    5.596175e-14)
            (8.104000e+04    6.251013e-14)
            (8.610500e+04    7.275886e-14)
            (9.117000e+04    9.158628e-14)
            (9.623500e+04    8.839855e-14)
            (1.013000e+05    1.291109e-13)
            (1.063650e+05    1.614451e-13)
            (1.114300e+05    1.496719e-13)
            (1.164950e+05    1.145788e-13)
            (1.215600e+05    1.610939e-13)
            (1.266250e+05    1.899301e-13)
            (1.316900e+05    3.191951e-13)
            (1.367550e+05    9.208536e-14)
            (1.418200e+05    -1.613913e-15)
            (1.468850e+05    1.046537e-13)
            (1.519500e+05    -3.338280e-15)
            (1.570150e+05    -1.028934e-13)
            (1.620800e+05    -1.871205e-13)
            (1.671450e+05    -6.789574e-13)
            (1.722100e+05    -1.985769e-12)
            (1.772750e+05    -8.625081e-13)
            (1.823400e+05    -3.562719e-13)
            (1.874050e+05    -2.666615e-12)
            (1.924700e+05    -8.555403e-13)
            (1.975350e+05    -2.923276e-12)
            (2.026000e+05    -3.841167e-12)
            (2.076650e+05    -3.832070e-12)
            (2.127300e+05    -3.764446e-11)
            (2.177950e+05    -3.909124e-11)
            (2.228600e+05    -4.052763e-11)
            (2.279250e+05    -4.190461e-11)
            (2.329900e+05    -4.843754e-12)
            (2.380550e+05    -4.463122e-11)
            (2.431200e+05    -4.599626e-11)
            (2.481850e+05    -4.730626e-11)
            (2.532500e+05    -4.864144e-11)
        )
    )
    (
        2.6e-05
        (
            (0.000000e+00    0.000000e+00)
            (1.013000e+04    3.876143e-15)
            (1.519500e+04    5.881583e-15)
            (2.026000e+04    7.973026e-15)
            (2.532500e+04    1.018898e-14)
            (3.039000e+04    1.257906e-14)
            (3.545500e+04    1.521058e-14)
            (4.052000e+04    1.817739e-14)
            (4.558500e+04    2.161050e-14)
            (5.065000e+04    2.568687e-14)
            (5.571500e+04    3.062733e-14)
            (6.078000e+04    3.666048e-14)
            (6.584500e+04    4.389632e-14)
            (7.091000e+04    5.207323e-14)
            (7.597500e+04    6.077144e-14)
            (8.104000e+04    7.160482e-14)
            (8.610500e+04    9.540695e-14)
            (9.117000e+04    8.368158e-14)
            (9.623500e+04    1.081929e-13)
            (1.013000e+05    1.021008e-13)
            (1.063650e+05    1.319652e-13)
            (1.114300e+05    1.477181e-13)
            (1.164950e+05    1.414540e-13)
            (1.215600e+05    1.990039e-13)
            (1.266250e+05    2.394098e-13)
            (1.316900e+05    1.345278e-13)
            (1.367550e+05    4.073659e-14)
            (1.418200e+05    1.559122e-13)
            (1.468850e+05    1.622548e-13)
            (1.519500e+05    -5.761823e-15)
            (1.570150e+05    -1.135064e-13)
            (1.620800e+05    -2.860618e-14)
            (1.671450e+05    -1.794484e-12)
            (1.722100e+05    -1.704772e-12)
            (1.772750e+05    -1.958549e-12)
            (1.823400e+05    -2.560483e-12)
            (1.874050e+05    -2.445459e-12)
            (1.924700e+05    -1.195286e-12)
            (1.975350e+05    -2.193493e-12)
            (2.026000e+05    -1.636195e-12)
            (2.076650e+05    -2.753106e-12)
            (2.127300e+05    -3.811349e-11)
            (2.177950e+05    -3.954311e-11)
            (2.228600e+05    -4.094339e-11)
            (2.279250e+05    -4.211999e-11)
            (2.329900e+05    -4.385461e-11)
            (2.380550e+05    -4.503483e-11)
            (2.431200e+05    -4.634836e-11)
            (2.481850e+05    -4.768644e-11)
            (2.532500e+05    -4.892634e-11)
        )
    )
);
