// A characteristic map for 
// PiTh(REqu, pAc)
// data(
//     equilibrium radius,
//     acoustic pressure amplitude
// )
//
// Loaded via transportProperties.
//
// Table structure:
//  (
//      REqu 1
//      (
//          (pAc 1     PiTh 1)
//          (pAc 2     PiTh 2)
//          (...)
//      )
//      REqu 2
//      (...
//      )
//  )
(
    (
        1e-06
        (
            (1.013000e+04    5.091754e-14)
            (1.519500e+04    1.151867e-13)
            (2.026000e+04    2.055462e-13)
            (2.532500e+04    3.240133e-13)
            (3.039000e+04    4.677202e-13)
            (3.545500e+04    6.402905e-13)
            (4.052000e+04    8.424270e-13)
            (4.558500e+04    1.081565e-12)
            (5.065000e+04    1.351416e-12)
            (5.571500e+04    1.658907e-12)
            (6.078000e+04    2.005276e-12)
            (6.584500e+04    2.395450e-12)
            (7.091000e+04    2.827616e-12)
            (7.597500e+04    3.320334e-12)
            (8.104000e+04    3.875854e-12)
            (8.610500e+04    4.498282e-12)
            (9.117000e+04    5.207799e-12)
            (9.623500e+04    6.007884e-12)
            (1.013000e+05    6.931377e-12)
            (1.063650e+05    7.981253e-12)
            (1.114300e+05    9.239240e-12)
            (1.164950e+05    1.073488e-11)
            (1.215600e+05    1.259081e-11)
            (1.266250e+05    1.500027e-11)
            (1.316900e+05    1.841307e-11)
            (1.367550e+05    2.433452e-11)
            (1.418200e+05    1.512290e-07)
            (1.468850e+05    1.915965e-06)
            (1.519500e+05    6.080610e-06)
            (1.570150e+05    1.355136e-05)
            (1.620800e+05    2.542655e-05)
            (1.671450e+05    4.314301e-05)
            (1.722100e+05    6.867235e-05)
            (1.772750e+05    1.047474e-04)
            (1.823400e+05    1.552223e-04)
            (1.874050e+05    2.244344e-04)
            (1.924700e+05    3.178097e-04)
            (1.975350e+05    4.414199e-04)
            (2.026000e+05    6.015889e-04)
            (2.076650e+05    8.046408e-04)
            (2.127300e+05    1.056674e-03)
            (2.177950e+05    1.363545e-03)
            (2.228600e+05    1.730398e-03)
            (2.279250e+05    2.162084e-03)
            (2.329900e+05    2.662636e-03)
            (2.380550e+05    3.235687e-03)
            (2.431200e+05    3.884312e-03)
            (2.481850e+05    4.611375e-03)
            (2.532500e+05    5.420327e-03)
        )
    )
    (
        2e-06
        (
            (1.013000e+04    1.462311e-12)
            (1.519500e+04    3.297213e-12)
            (2.026000e+04    5.954447e-12)
            (2.532500e+04    9.350773e-12)
            (3.039000e+04    1.362555e-11)
            (3.545500e+04    1.881913e-11)
            (4.052000e+04    2.498643e-11)
            (4.558500e+04    3.218068e-11)
            (5.065000e+04    4.067477e-11)
            (5.571500e+04    5.034640e-11)
            (6.078000e+04    6.162398e-11)
            (6.584500e+04    7.468548e-11)
            (7.091000e+04    8.989481e-11)
            (7.597500e+04    1.076489e-10)
            (8.104000e+04    1.286860e-10)
            (8.610500e+04    1.539681e-10)
            (9.117000e+04    1.850968e-10)
            (9.623500e+04    2.246644e-10)
            (1.013000e+05    2.778264e-10)
            (1.063650e+05    3.577736e-10)
            (1.114300e+05    6.004818e-10)
            (1.164950e+05    3.082893e-08)
            (1.215600e+05    1.000516e-06)
            (1.266250e+05    1.741830e-06)
            (1.316900e+05    3.245505e-06)
            (1.367550e+05    6.139404e-06)
            (1.418200e+05    1.113657e-05)
            (1.468850e+05    1.907048e-05)
            (1.519500e+05    3.094487e-05)
            (1.570150e+05    4.802695e-05)
            (1.620800e+05    7.195624e-05)
            (1.671450e+05    1.048938e-04)
            (1.722100e+05    1.495543e-04)
            (1.772750e+05    2.092848e-04)
            (1.823400e+05    2.880428e-04)
            (1.874050e+05    3.906312e-04)
            (1.924700e+05    5.215646e-04)
            (1.975350e+05    6.847159e-04)
            (2.026000e+05    8.847691e-04)
            (2.076650e+05    1.126364e-03)
            (2.127300e+05    1.413610e-03)
            (2.177950e+05    1.750152e-03)
            (2.228600e+05    2.139337e-03)
            (2.279250e+05    2.584188e-03)
            (2.329900e+05    3.086816e-03)
            (2.380550e+05    3.649698e-03)
            (2.431200e+05    4.274308e-03)
            (2.481850e+05    4.962118e-03)
            (2.532500e+05    5.713698e-03)
        )
    )
    (
        3e-06
        (
            (1.013000e+04    1.063657e-11)
            (1.519500e+04    2.391728e-11)
            (2.026000e+04    4.312545e-11)
            (2.532500e+04    6.787181e-11)
            (3.039000e+04    9.908429e-11)
            (3.545500e+04    1.370262e-10)
            (4.052000e+04    1.823865e-10)
            (4.558500e+04    2.360372e-10)
            (5.065000e+04    2.992740e-10)
            (5.571500e+04    3.733040e-10)
            (6.078000e+04    4.603170e-10)
            (6.584500e+04    5.630792e-10)
            (7.091000e+04    6.854948e-10)
            (7.597500e+04    8.331283e-10)
            (8.104000e+04    1.014972e-09)
            (8.610500e+04    1.246077e-09)
            (9.117000e+04    1.556301e-09)
            (9.623500e+04    2.045790e-09)
            (1.013000e+05    4.497991e-09)
            (1.063650e+05    6.971158e-08)
            (1.114300e+05    1.609837e-06)
            (1.164950e+05    3.386960e-06)
            (1.215600e+05    4.525196e-06)
            (1.266250e+05    6.404961e-06)
            (1.316900e+05    9.582369e-06)
            (1.367550e+05    1.472425e-05)
            (1.418200e+05    2.262415e-05)
            (1.468850e+05    3.422954e-05)
            (1.519500e+05    5.070953e-05)
            (1.570150e+05    7.353665e-05)
            (1.620800e+05    1.046099e-04)
            (1.671450e+05    1.462933e-04)
            (1.722100e+05    2.014554e-04)
            (1.772750e+05    2.733642e-04)
            (1.823400e+05    3.657052e-04)
            (1.874050e+05    4.823221e-04)
            (1.924700e+05    6.274390e-04)
            (1.975350e+05    8.056982e-04)
            (2.026000e+05    1.020785e-03)
            (2.076650e+05    1.275460e-03)
            (2.127300e+05    1.572794e-03)
            (2.177950e+05    1.915573e-03)
            (2.228600e+05    2.306407e-03)
            (2.279250e+05    2.747944e-03)
            (2.329900e+05    3.242060e-03)
            (2.380550e+05    3.790203e-03)
            (2.431200e+05    4.394094e-03)
            (2.481850e+05    5.055364e-03)
            (2.532500e+05    5.773424e-03)
        )
    )
    (
        4e-06
        (
            (1.013000e+04    4.350772e-11)
            (1.519500e+04    9.793744e-11)
            (2.026000e+04    1.755048e-10)
            (2.532500e+04    2.775965e-10)
            (3.039000e+04    4.057787e-10)
            (3.545500e+04    5.622519e-10)
            (4.052000e+04    7.504586e-10)
            (4.558500e+04    9.742887e-10)
            (5.065000e+04    1.239211e-09)
            (5.571500e+04    1.552604e-09)
            (6.078000e+04    1.924945e-09)
            (6.584500e+04    2.370156e-09)
            (7.091000e+04    2.909115e-09)
            (7.597500e+04    3.575478e-09)
            (8.104000e+04    4.427483e-09)
            (8.610500e+04    5.603339e-09)
            (9.117000e+04    8.063468e-09)
            (9.623500e+04    2.685143e-08)
            (1.013000e+05    2.768420e-07)
            (1.063650e+05    2.704763e-06)
            (1.114300e+05    7.198320e-06)
            (1.164950e+05    8.910472e-06)
            (1.215600e+05    1.101178e-05)
            (1.266250e+05    1.422248e-05)
            (1.316900e+05    1.915184e-05)
            (1.367550e+05    2.652149e-05)
            (1.418200e+05    3.721039e-05)
            (1.468850e+05    5.226580e-05)
            (1.519500e+05    7.299096e-05)
            (1.570150e+05    1.009985e-04)
            (1.620800e+05    1.383134e-04)
            (1.671450e+05    1.874110e-04)
            (1.722100e+05    2.511582e-04)
            (1.772750e+05    3.328112e-04)
            (1.823400e+05    4.356867e-04)
            (1.874050e+05    5.633281e-04)
            (1.924700e+05    7.192635e-04)
            (1.975350e+05    9.069893e-04)
            (2.026000e+05    1.130197e-03)
            (2.076650e+05    1.392330e-03)
            (2.127300e+05    1.696528e-03)
            (2.177950e+05    2.044579e-03)
            (2.228600e+05    2.438354e-03)
            (2.279250e+05    2.879508e-03)
            (2.329900e+05    3.370123e-03)
            (2.380550e+05    3.913912e-03)
            (2.431200e+05    4.512930e-03)
            (2.481850e+05    5.170552e-03)
            (2.532500e+05    5.864376e-03)
        )
    )
    (
        5e-06
        (
            (1.013000e+04    1.291874e-10)
            (1.519500e+04    2.926633e-10)
            (2.026000e+04    5.250142e-10)
            (2.532500e+04    8.310572e-10)
            (3.039000e+04    1.215402e-09)
            (3.545500e+04    1.686902e-09)
            (4.052000e+04    2.255201e-09)
            (4.558500e+04    2.933645e-09)
            (5.065000e+04    3.741560e-09)
            (5.571500e+04    4.703442e-09)
            (6.078000e+04    5.853720e-09)
            (6.584500e+04    7.244234e-09)
            (7.091000e+04    8.955302e-09)
            (7.597500e+04    1.112858e-08)
            (8.104000e+04    1.414854e-08)
            (8.610500e+04    2.070258e-08)
            (9.117000e+04    5.919797e-08)
            (9.623500e+04    3.879659e-07)
            (1.013000e+05    2.666108e-06)
            (1.063650e+05    1.025673e-05)
            (1.114300e+05    1.546964e-05)
            (1.164950e+05    1.801748e-05)
            (1.215600e+05    2.132770e-05)
            (1.266250e+05    2.610224e-05)
            (1.316900e+05    3.300016e-05)
            (1.367550e+05    4.280899e-05)
            (1.418200e+05    5.648455e-05)
            (1.468850e+05    7.515803e-05)
            (1.519500e+05    1.002190e-04)
            (1.570150e+05    1.334338e-04)
            (1.620800e+05    1.768570e-04)
            (1.671450e+05    2.329998e-04)
            (1.722100e+05    3.047627e-04)
            (1.772750e+05    3.951700e-04)
            (1.823400e+05    5.074989e-04)
            (1.874050e+05    6.448501e-04)
            (1.924700e+05    8.104963e-04)
            (1.975350e+05    1.007547e-03)
            (2.026000e+05    1.239160e-03)
            (2.076650e+05    1.507951e-03)
            (2.127300e+05    1.815955e-03)
            (2.177950e+05    2.163255e-03)
            (2.228600e+05    2.555867e-03)
            (2.279250e+05    3.006896e-03)
            (2.329900e+05    3.512757e-03)
            (2.380550e+05    3.994767e-03)
            (2.431200e+05    4.573999e-03)
            (2.481850e+05    5.318177e-03)
            (2.532500e+05    6.125921e-03)
        )
    )
    (
        6e-06
        (
            (1.013000e+04    3.166482e-10)
            (1.519500e+04    7.172411e-10)
            (2.026000e+04    1.287555e-09)
            (2.532500e+04    2.039331e-09)
            (3.039000e+04    2.985547e-09)
            (3.545500e+04    4.148362e-09)
            (4.052000e+04    5.553864e-09)
            (4.558500e+04    7.237192e-09)
            (5.065000e+04    9.249336e-09)
            (5.571500e+04    1.165572e-08)
            (6.078000e+04    1.455553e-08)
            (6.584500e+04    1.809932e-08)
            (7.091000e+04    2.254729e-08)
            (7.597500e+04    2.858458e-08)
            (8.104000e+04    4.010735e-08)
            (8.610500e+04    8.803785e-08)
            (9.117000e+04    3.921851e-07)
            (9.623500e+04    2.131811e-06)
            (1.013000e+05    9.298444e-06)
            (1.063650e+05    2.167284e-05)
            (1.114300e+05    2.782434e-05)
            (1.164950e+05    3.157783e-05)
            (1.215600e+05    3.635997e-05)
            (1.266250e+05    4.297779e-05)
            (1.316900e+05    5.211628e-05)
            (1.367550e+05    6.465775e-05)
            (1.418200e+05    8.159414e-05)
            (1.468850e+05    1.041710e-04)
            (1.519500e+05    1.338193e-04)
            (1.570150e+05    1.724158e-04)
            (1.620800e+05    2.220300e-04)
            (1.671450e+05    2.852594e-04)
            (1.722100e+05    3.647789e-04)
            (1.772750e+05    4.636344e-04)
            (1.823400e+05    5.848892e-04)
            (1.874050e+05    7.311280e-04)
            (1.924700e+05    9.057453e-04)
            (1.975350e+05    1.113214e-03)
            (2.026000e+05    1.351554e-03)
            (2.076650e+05    1.622495e-03)
            (2.127300e+05    1.947225e-03)
            (2.177950e+05    2.298630e-03)
            (2.228600e+05    2.668063e-03)
            (2.279250e+05    3.170073e-03)
            (2.329900e+05    3.545967e-03)
            (2.380550e+05    4.147842e-03)
            (2.431200e+05    4.944675e-03)
            (2.481850e+05    5.313853e-03)
            (2.532500e+05    6.340246e-03)
        )
    )
    (
        7e-06
        (
            (1.013000e+04    6.764340e-10)
            (1.519500e+04    1.533215e-09)
            (2.026000e+04    2.755045e-09)
            (2.532500e+04    4.364169e-09)
            (3.039000e+04    6.395171e-09)
            (3.545500e+04    8.893317e-09)
            (4.052000e+04    1.191938e-08)
            (4.558500e+04    1.555479e-08)
            (5.065000e+04    1.991240e-08)
            (5.571500e+04    2.515198e-08)
            (6.078000e+04    3.151462e-08)
            (6.584500e+04    3.939850e-08)
            (7.091000e+04    4.973747e-08)
            (7.597500e+04    6.667397e-08)
            (8.104000e+04    1.165143e-07)
            (8.610500e+04    3.590493e-07)
            (9.117000e+04    1.577765e-06)
            (9.623500e+04    6.608806e-06)
            (1.013000e+05    2.074909e-05)
            (1.063650e+05    3.735689e-05)
            (1.114300e+05    4.515287e-05)
            (1.164950e+05    5.044015e-05)
            (1.215600e+05    5.697225e-05)
            (1.266250e+05    6.571260e-05)
            (1.316900e+05    7.741385e-05)
            (1.367550e+05    9.300678e-05)
            (1.418200e+05    1.135278e-04)
            (1.468850e+05    1.403244e-04)
            (1.519500e+05    1.749201e-04)
            (1.570150e+05    2.191194e-04)
            (1.620800e+05    2.752319e-04)
            (1.671450e+05    3.453012e-04)
            (1.722100e+05    4.330209e-04)
            (1.772750e+05    5.395952e-04)
            (1.823400e+05    6.696911e-04)
            (1.874050e+05    8.260262e-04)
            (1.924700e+05    1.005441e-03)
            (1.975350e+05    1.229358e-03)
            (2.026000e+05    1.459598e-03)
            (2.076650e+05    1.761293e-03)
            (2.127300e+05    2.067334e-03)
            (2.177950e+05    2.425101e-03)
            (2.228600e+05    2.917338e-03)
            (2.279250e+05    3.240545e-03)
            (2.329900e+05    3.957229e-03)
            (2.380550e+05    4.272918e-03)
            (2.431200e+05    5.256218e-03)
            (2.481850e+05    5.617081e-03)
            (2.532500e+05    7.124343e-03)
        )
    )
    (
        8e-06
        (
            (1.013000e+04    1.308200e-09)
            (1.519500e+04    2.965647e-09)
            (2.026000e+04    5.329387e-09)
            (2.532500e+04    8.446458e-09)
            (3.039000e+04    1.238692e-08)
            (3.545500e+04    1.723860e-08)
            (4.052000e+04    2.312835e-08)
            (4.558500e+04    3.021951e-08)
            (5.065000e+04    3.874997e-08)
            (5.571500e+04    4.906303e-08)
            (6.078000e+04    6.170455e-08)
            (6.584500e+04    7.778647e-08)
            (7.091000e+04    1.011410e-07)
            (7.597500e+04    1.515836e-07)
            (8.104000e+04    3.358490e-07)
            (8.610500e+04    1.148301e-06)
            (9.117000e+04    4.393715e-06)
            (9.623500e+04    1.502269e-05)
            (1.013000e+05    3.721341e-05)
            (1.063650e+05    5.810579e-05)
            (1.114300e+05    6.819016e-05)
            (1.164950e+05    7.536841e-05)
            (1.215600e+05    8.395381e-05)
            (1.266250e+05    9.507762e-05)
            (1.316900e+05    1.096778e-04)
            (1.367550e+05    1.285914e-04)
            (1.418200e+05    1.531730e-04)
            (1.468850e+05    1.843909e-04)
            (1.519500e+05    2.243625e-04)
            (1.570150e+05    2.741171e-04)
            (1.620800e+05    3.375388e-04)
            (1.671450e+05    4.139271e-04)
            (1.722100e+05    5.110176e-04)
            (1.772750e+05    6.228561e-04)
            (1.823400e+05    7.675114e-04)
            (1.874050e+05    9.203745e-04)
            (1.924700e+05    1.132073e-03)
            (1.975350e+05    1.324067e-03)
            (2.026000e+05    1.632199e-03)
            (2.076650e+05    1.852050e-03)
            (2.127300e+05    2.298473e-03)
            (2.177950e+05    2.540394e-03)
            (2.228600e+05    3.166759e-03)
            (2.279250e+05    3.356132e-03)
            (2.329900e+05    3.632109e-03)
            (2.380550e+05    3.940756e-03)
            (2.431200e+05    4.689464e-03)
            (2.481850e+05    6.456996e-03)
            (2.532500e+05    6.391535e-03)
        )
    )
    (
        9e-06
        (
            (1.013000e+04    2.342131e-09)
            (1.519500e+04    5.310164e-09)
            (2.026000e+04    9.548619e-09)
            (2.532500e+04    1.513993e-08)
            (3.039000e+04    2.221509e-08)
            (3.545500e+04    3.094232e-08)
            (4.052000e+04    4.154629e-08)
            (4.558500e+04    5.435087e-08)
            (5.065000e+04    6.981504e-08)
            (5.571500e+04    8.863049e-08)
            (6.078000e+04    1.120521e-07)
            (6.584500e+04    1.434621e-07)
            (7.091000e+04    1.970130e-07)
            (7.597500e+04    3.407079e-07)
            (8.104000e+04    8.751936e-07)
            (8.610500e+04    2.908539e-06)
            (9.117000e+04    9.687022e-06)
            (9.623500e+04    2.813286e-05)
            (1.013000e+05    5.893375e-05)
            (1.063650e+05    8.454569e-05)
            (1.114300e+05    9.758446e-05)
            (1.164950e+05    1.070312e-04)
            (1.215600e+05    1.180131e-04)
            (1.266250e+05    1.318444e-04)
            (1.316900e+05    1.496841e-04)
            (1.367550e+05    1.722793e-04)
            (1.418200e+05    2.009875e-04)
            (1.468850e+05    2.375115e-04)
            (1.519500e+05    2.821007e-04)
            (1.570150e+05    3.400058e-04)
            (1.620800e+05    4.067323e-04)
            (1.671450e+05    4.959657e-04)
            (1.722100e+05    5.938493e-04)
            (1.772750e+05    7.217300e-04)
            (1.823400e+05    8.682307e-04)
            (1.874050e+05    1.023431e-03)
            (1.924700e+05    1.259888e-03)
            (1.975350e+05    1.423346e-03)
            (2.026000e+05    1.803666e-03)
            (2.076650e+05    1.993841e-03)
            (2.127300e+05    2.523542e-03)
            (2.177950e+05    2.786139e-03)
            (2.228600e+05    2.952941e-03)
            (2.279250e+05    3.887559e-03)
            (2.329900e+05    4.050291e-03)
            (2.380550e+05    5.565402e-03)
            (2.431200e+05    5.088276e-03)
            (2.481850e+05    5.079357e-03)
            (2.532500e+05    9.392641e-03)
        )
    )
    (
        1e-05
        (
            (1.013000e+04    3.944796e-09)
            (1.519500e+04    8.949443e-09)
            (2.026000e+04    1.609657e-08)
            (2.532500e+04    2.553771e-08)
            (3.039000e+04    3.749279e-08)
            (3.545500e+04    5.225365e-08)
            (4.052000e+04    7.022862e-08)
            (4.558500e+04    9.199316e-08)
            (5.065000e+04    1.183920e-07)
            (5.571500e+04    1.508057e-07)
            (6.078000e+04    1.922573e-07)
            (6.584500e+04    2.527878e-07)
            (7.091000e+04    3.748495e-07)
            (7.597500e+04    7.369736e-07)
            (8.104000e+04    1.998456e-06)
            (8.610500e+04    6.178723e-06)
            (9.117000e+04    1.832756e-05)
            (9.623500e+04    4.627811e-05)
            (1.013000e+05    8.612168e-05)
            (1.063650e+05    1.172256e-04)
            (1.114300e+05    1.338718e-04)
            (1.164950e+05    1.461409e-04)
            (1.215600e+05    1.596156e-04)
            (1.266250e+05    1.768127e-04)
            (1.316900e+05    1.978098e-04)
            (1.367550e+05    2.244696e-04)
            (1.418200e+05    2.585925e-04)
            (1.468850e+05    2.980830e-04)
            (1.519500e+05    3.523092e-04)
            (1.570150e+05    4.126570e-04)
            (1.620800e+05    4.867372e-04)
            (1.671450e+05    5.892677e-04)
            (1.722100e+05    6.813510e-04)
            (1.772750e+05    8.408732e-04)
            (1.823400e+05    9.813288e-04)
            (1.874050e+05    1.115146e-03)
            (1.924700e+05    1.424286e-03)
            (1.975350e+05    1.573839e-03)
            (2.026000e+05    1.917876e-03)
            (2.076650e+05    2.209912e-03)
            (2.127300e+05    2.365950e-03)
            (2.177950e+05    3.236875e-03)
            (2.228600e+05    3.502418e-03)
            (2.279250e+05    3.775204e-03)
            (2.329900e+05    5.053481e-03)
            (2.380550e+05    4.611486e-03)
            (2.431200e+05    5.474418e-03)
            (2.481850e+05    8.774210e-03)
            (2.532500e+05    9.182317e-03)
        )
    )
    (
        1.1e-05
        (
            (1.013000e+04    6.329997e-09)
            (1.519500e+04    1.436061e-08)
            (2.026000e+04    2.583421e-08)
            (2.532500e+04    4.100697e-08)
            (3.039000e+04    6.023604e-08)
            (3.545500e+04    8.400317e-08)
            (4.052000e+04    1.130107e-07)
            (4.558500e+04    1.482415e-07)
            (5.065000e+04    1.912165e-07)
            (5.571500e+04    2.447333e-07)
            (6.078000e+04    3.161724e-07)
            (6.584500e+04    4.321437e-07)
            (7.091000e+04    6.974004e-07)
            (7.597500e+04    1.495838e-06)
            (8.104000e+04    4.042903e-06)
            (8.610500e+04    1.155945e-05)
            (9.117000e+04    3.111988e-05)
            (9.623500e+04    6.979877e-05)
            (1.013000e+05    1.194783e-04)
            (1.063650e+05    1.563169e-04)
            (1.114300e+05    1.776725e-04)
            (1.164950e+05    1.927288e-04)
            (1.215600e+05    2.097573e-04)
            (1.266250e+05    2.302057e-04)
            (1.316900e+05    2.540639e-04)
            (1.367550e+05    2.870639e-04)
            (1.418200e+05    3.243851e-04)
            (1.468850e+05    3.678451e-04)
            (1.519500e+05    4.334922e-04)
            (1.570150e+05    4.952519e-04)
            (1.620800e+05    5.713740e-04)
            (1.671450e+05    6.985252e-04)
            (1.722100e+05    7.875997e-04)
            (1.772750e+05    9.111238e-04)
            (1.823400e+05    1.143658e-03)
            (1.874050e+05    1.260096e-03)
            (1.924700e+05    1.397001e-03)
            (1.975350e+05    1.826368e-03)
            (2.026000e+05    2.004482e-03)
            (2.076650e+05    2.115287e-03)
            (2.127300e+05    2.919657e-03)
            (2.177950e+05    2.758884e-03)
            (2.228600e+05    4.400746e-03)
            (2.279250e+05    3.854532e-03)
            (2.329900e+05    4.627945e-03)
            (2.380550e+05    5.130699e-03)
            (2.431200e+05    8.493526e-03)
            (2.481850e+05    8.756504e-03)
            (2.532500e+05    9.493183e-03)
        )
    )
    (
        1.2e-05
        (
            (1.013000e+04    9.747708e-09)
            (1.519500e+04    2.212033e-08)
            (2.026000e+04    3.980692e-08)
            (2.532500e+04    6.321421e-08)
            (3.039000e+04    9.290210e-08)
            (3.545500e+04    1.296593e-07)
            (4.052000e+04    1.746121e-07)
            (4.558500e+04    2.294171e-07)
            (5.065000e+04    2.967816e-07)
            (5.571500e+04    3.824942e-07)
            (6.078000e+04    5.037607e-07)
            (6.584500e+04    7.222263e-07)
            (7.091000e+04    1.258551e-06)
            (7.597500e+04    2.825097e-06)
            (8.104000e+04    7.404824e-06)
            (8.610500e+04    1.969546e-05)
            (9.117000e+04    4.866939e-05)
            (9.623500e+04    9.870282e-05)
            (1.013000e+05    1.589243e-04)
            (1.063650e+05    2.026610e-04)
            (1.114300e+05    2.289433e-04)
            (1.164950e+05    2.472138e-04)
            (1.215600e+05    2.687790e-04)
            (1.266250e+05    2.924234e-04)
            (1.316900e+05    3.185917e-04)
            (1.367550e+05    3.585534e-04)
            (1.418200e+05    4.018875e-04)
            (1.468850e+05    4.447139e-04)
            (1.519500e+05    5.214869e-04)
            (1.570150e+05    5.999265e-04)
            (1.620800e+05    6.629977e-04)
            (1.671450e+05    7.968600e-04)
            (1.722100e+05    9.453466e-04)
            (1.772750e+05    1.034608e-03)
            (1.823400e+05    1.137566e-03)
            (1.874050e+05    1.521292e-03)
            (1.924700e+05    1.597798e-03)
            (1.975350e+05    1.793859e-03)
            (2.026000e+05    2.468412e-03)
            (2.076650e+05    2.122965e-03)
            (2.127300e+05    2.882647e-03)
            (2.177950e+05    4.103012e-03)
            (2.228600e+05    3.727137e-03)
            (2.279250e+05    3.575145e-03)
            (2.329900e+05    4.923865e-03)
            (2.380550e+05    8.103849e-03)
            (2.431200e+05    8.569659e-03)
            (2.481850e+05    6.023189e-03)
            (2.532500e+05    7.792855e-03)
        )
    )
    (
        1.3e-05
        (
            (1.013000e+04    1.450461e-08)
            (1.519500e+04    3.292830e-08)
            (2.026000e+04    5.927509e-08)
            (2.532500e+04    9.416482e-08)
            (3.039000e+04    1.384594e-07)
            (3.545500e+04    1.933937e-07)
            (4.052000e+04    2.607541e-07)
            (4.558500e+04    3.432337e-07)
            (5.065000e+04    4.457523e-07)
            (5.571500e+04    5.801452e-07)
            (6.078000e+04    7.834293e-07)
            (6.584500e+04    1.181965e-06)
            (7.091000e+04    2.185579e-06)
            (7.597500e+04    4.977645e-06)
            (8.104000e+04    1.251928e-05)
            (8.610500e+04    3.120707e-05)
            (9.117000e+04    7.133436e-05)
            (9.623500e+04    1.331107e-04)
            (1.013000e+05    2.051046e-04)
            (1.063650e+05    2.551250e-04)
            (1.114300e+05    2.887783e-04)
            (1.164950e+05    3.094088e-04)
            (1.215600e+05    3.348901e-04)
            (1.266250e+05    3.656837e-04)
            (1.316900e+05    3.933951e-04)
            (1.367550e+05    4.300460e-04)
            (1.418200e+05    4.949283e-04)
            (1.468850e+05    5.431861e-04)
            (1.519500e+05    5.913206e-04)
            (1.570150e+05    7.181345e-04)
            (1.620800e+05    8.125234e-04)
            (1.671450e+05    8.807942e-04)
            (1.722100e+05    9.591260e-04)
            (1.772750e+05    1.283193e-03)
            (1.823400e+05    1.340951e-03)
            (1.874050e+05    1.443993e-03)
            (1.924700e+05    2.088780e-03)
            (1.975350e+05    2.134595e-03)
            (2.026000e+05    2.239516e-03)
            (2.076650e+05    2.561142e-03)
            (2.127300e+05    3.763556e-03)
            (2.177950e+05    3.094807e-03)
            (2.228600e+05    4.386843e-03)
            (2.279250e+05    4.940545e-03)
            (2.329900e+05    7.695284e-03)
            (2.380550e+05    7.433210e-03)
            (2.431200e+05    8.582292e-03)
            (2.481850e+05    7.913615e-03)
            (2.532500e+05    6.498454e-03)
        )
    )
    (
        1.4e-05
        (
            (1.013000e+04    2.096234e-08)
            (1.519500e+04    4.759131e-08)
            (2.026000e+04    8.571156e-08)
            (2.532500e+04    1.362184e-07)
            (3.039000e+04    2.004041e-07)
            (3.545500e+04    2.801645e-07)
            (4.052000e+04    3.782234e-07)
            (4.558500e+04    4.990601e-07)
            (5.065000e+04    6.515069e-07)
            (5.571500e+04    8.588929e-07)
            (6.078000e+04    1.194391e-06)
            (6.584500e+04    1.891394e-06)
            (7.091000e+04    3.639667e-06)
            (7.597500e+04    8.246379e-06)
            (8.104000e+04    1.984499e-05)
            (8.610500e+04    4.656048e-05)
            (9.117000e+04    9.907661e-05)
            (9.623500e+04    1.734350e-04)
            (1.013000e+05    2.597756e-04)
            (1.063650e+05    3.115569e-04)
            (1.114300e+05    3.577661e-04)
            (1.164950e+05    3.829469e-04)
            (1.215600e+05    4.050748e-04)
            (1.266250e+05    4.429412e-04)
            (1.316900e+05    4.872455e-04)
            (1.367550e+05    5.198910e-04)
            (1.418200e+05    5.587964e-04)
            (1.468850e+05    6.657816e-04)
            (1.519500e+05    7.313620e-04)
            (1.570150e+05    7.832840e-04)
            (1.620800e+05    8.430508e-04)
            (1.671450e+05    1.112313e-03)
            (1.722100e+05    1.176874e-03)
            (1.772750e+05    1.326756e-03)
            (1.823400e+05    1.352166e-03)
            (1.874050e+05    1.941836e-03)
            (1.924700e+05    1.910496e-03)
            (1.975350e+05    2.135876e-03)
            (2.026000e+05    2.183153e-03)
            (2.076650e+05    3.393741e-03)
            (2.127300e+05    3.309246e-03)
            (2.177950e+05    2.875597e-03)
            (2.228600e+05    3.879190e-03)
            (2.279250e+05    7.369989e-03)
            (2.329900e+05    6.961448e-03)
            (2.380550e+05    8.086862e-03)
            (2.431200e+05    7.436332e-03)
            (2.481850e+05    9.405891e-03)
            (2.532500e+05    9.677686e-03)
        )
    )
    (
        1.5e-05
        (
            (1.013000e+04    2.954158e-08)
            (1.519500e+04    6.706442e-08)
            (2.026000e+04    1.208434e-07)
            (2.532500e+04    1.921165e-07)
            (3.039000e+04    2.828248e-07)
            (3.545500e+04    3.957599e-07)
            (4.052000e+04    5.351255e-07)
            (4.558500e+04    7.081657e-07)
            (5.065000e+04    9.307719e-07)
            (5.571500e+04    1.246788e-06)
            (6.078000e+04    1.789905e-06)
            (6.584500e+04    2.957812e-06)
            (7.091000e+04    5.830756e-06)
            (7.597500e+04    1.301364e-05)
            (8.104000e+04    3.002935e-05)
            (8.610500e+04    6.654716e-05)
            (9.117000e+04    1.302995e-04)
            (9.623500e+04    2.242699e-04)
            (1.013000e+05    3.099301e-04)
            (1.063650e+05    3.844847e-04)
            (1.114300e+05    4.198131e-04)
            (1.164950e+05    4.681975e-04)
            (1.215600e+05    4.976379e-04)
            (1.266250e+05    5.214947e-04)
            (1.316900e+05    5.549998e-04)
            (1.367550e+05    6.424081e-04)
            (1.418200e+05    6.898002e-04)
            (1.468850e+05    7.291850e-04)
            (1.519500e+05    7.747197e-04)
            (1.570150e+05    9.959377e-04)
            (1.620800e+05    1.058435e-03)
            (1.671450e+05    1.141194e-03)
            (1.722100e+05    1.181304e-03)
            (1.772750e+05    1.711362e-03)
            (1.823400e+05    1.726359e-03)
            (1.874050e+05    1.813579e-03)
            (1.924700e+05    2.117944e-03)
            (1.975350e+05    3.071112e-03)
            (2.026000e+05    2.254736e-03)
            (2.076650e+05    2.724324e-03)
            (2.127300e+05    3.156660e-03)
            (2.177950e+05    3.568783e-03)
            (2.228600e+05    7.003911e-03)
            (2.279250e+05    6.586942e-03)
            (2.329900e+05    5.016609e-03)
            (2.380550e+05    5.001642e-03)
            (2.431200e+05    8.821697e-03)
            (2.481850e+05    1.070116e-02)
            (2.532500e+05    5.058354e-02)
        )
    )
    (
        1.6e-05
        (
            (1.013000e+04    4.070890e-08)
            (1.519500e+04    9.245541e-08)
            (2.026000e+04    1.666141e-07)
            (2.532500e+04    2.650134e-07)
            (3.039000e+04    3.904320e-07)
            (3.545500e+04    5.469030e-07)
            (4.052000e+04    7.408379e-07)
            (4.558500e+04    9.840855e-07)
            (5.065000e+04    1.304323e-06)
            (5.571500e+04    1.779024e-06)
            (6.078000e+04    2.634015e-06)
            (6.584500e+04    4.495674e-06)
            (7.091000e+04    8.940381e-06)
            (7.597500e+04    1.950604e-05)
            (8.104000e+04    4.324684e-05)
            (8.610500e+04    9.203853e-05)
            (9.117000e+04    1.689926e-04)
            (9.623500e+04    2.756433e-04)
            (1.013000e+05    3.729225e-04)
            (1.063650e+05    4.632288e-04)
            (1.114300e+05    5.129265e-04)
            (1.164950e+05    5.368091e-04)
            (1.215600e+05    5.707824e-04)
            (1.266250e+05    6.433291e-04)
            (1.316900e+05    6.779963e-04)
            (1.367550e+05    7.077166e-04)
            (1.418200e+05    7.425929e-04)
            (1.468850e+05    9.223360e-04)
            (1.519500e+05    9.892718e-04)
            (1.570150e+05    1.023579e-03)
            (1.620800e+05    1.154816e-03)
            (1.671450e+05    1.141693e-03)
            (1.722100e+05    1.631178e-03)
            (1.772750e+05    1.599859e-03)
            (1.823400e+05    1.851875e-03)
            (1.874050e+05    2.305854e-03)
            (1.924700e+05    2.997464e-03)
            (1.975350e+05    3.070202e-03)
            (2.026000e+05    2.908842e-03)
            (2.076650e+05    2.951536e-03)
            (2.127300e+05    5.100313e-03)
            (2.177950e+05    6.710995e-03)
            (2.228600e+05    7.273479e-03)
            (2.279250e+05    6.588897e-03)
            (2.329900e+05    7.990100e-03)
            (2.380550e+05    8.369064e-03)
            (2.431200e+05    8.427520e-03)
            (2.481850e+05    4.853489e-02)
            (2.532500e+05    5.005038e-02)
        )
    )
    (
        1.7e-05
        (
            (1.013000e+04    5.500815e-08)
            (1.519500e+04    1.249734e-07)
            (2.026000e+04    2.252789e-07)
            (2.532500e+04    3.585057e-07)
            (3.039000e+04    5.285703e-07)
            (3.545500e+04    7.413094e-07)
            (4.052000e+04    1.006381e-06)
            (4.558500e+04    1.342918e-06)
            (5.065000e+04    1.797900e-06)
            (5.571500e+04    2.501454e-06)
            (6.078000e+04    3.814719e-06)
            (6.584500e+04    6.676128e-06)
            (7.091000e+04    1.328958e-05)
            (7.597500e+04    2.826507e-05)
            (8.104000e+04    5.988953e-05)
            (8.610500e+04    1.183191e-04)
            (9.117000e+04    2.192279e-04)
            (9.623500e+04    3.235883e-04)
            (1.013000e+05    4.720497e-04)
            (1.063650e+05    5.289198e-04)
            (1.114300e+05    5.717119e-04)
            (1.164950e+05    6.603610e-04)
            (1.215600e+05    6.877069e-04)
            (1.266250e+05    7.106115e-04)
            (1.316900e+05    7.374870e-04)
            (1.367550e+05    8.808210e-04)
            (1.418200e+05    9.478717e-04)
            (1.468850e+05    9.700156e-04)
            (1.519500e+05    1.061561e-03)
            (1.570150e+05    1.076085e-03)
            (1.620800e+05    1.495998e-03)
            (1.671450e+05    1.501432e-03)
            (1.722100e+05    1.693549e-03)
            (1.772750e+05    1.710675e-03)
            (1.823400e+05    2.684178e-03)
            (1.874050e+05    2.832655e-03)
            (1.924700e+05    2.199574e-03)
            (1.975350e+05    2.988234e-03)
            (2.026000e+05    2.805776e-03)
            (2.076650e+05    6.309235e-03)
            (2.127300e+05    6.479427e-03)
            (2.177950e+05    6.949806e-03)
            (2.228600e+05    6.461552e-03)
            (2.279250e+05    4.120361e-03)
            (2.329900e+05    6.905339e-03)
            (2.380550e+05    9.226427e-03)
            (2.431200e+05    4.666552e-02)
            (2.481850e+05    4.808121e-02)
            (2.532500e+05    4.953210e-02)
        )
    )
    (
        1.8e-05
        (
            (1.013000e+04    7.303859e-08)
            (1.519500e+04    1.660000e-07)
            (2.026000e+04    2.993192e-07)
            (2.532500e+04    4.766146e-07)
            (3.039000e+04    7.032833e-07)
            (3.545500e+04    9.877209e-07)
            (4.052000e+04    1.344413e-06)
            (4.558500e+04    1.803815e-06)
            (5.065000e+04    2.442333e-06)
            (5.571500e+04    3.465937e-06)
            (6.078000e+04    5.417207e-06)
            (6.584500e+04    9.621250e-06)
            (7.091000e+04    1.901050e-05)
            (7.597500e+04    3.943097e-05)
            (8.104000e+04    8.140611e-05)
            (8.610500e+04    1.589817e-04)
            (9.117000e+04    2.527090e-04)
            (9.623500e+04    4.222314e-04)
            (1.013000e+05    5.096311e-04)
            (1.063650e+05    6.055727e-04)
            (1.114300e+05    7.028815e-04)
            (1.164950e+05    7.240663e-04)
            (1.215600e+05    7.489751e-04)
            (1.266250e+05    8.475220e-04)
            (1.316900e+05    9.337498e-04)
            (1.367550e+05    9.561466e-04)
            (1.418200e+05    1.007969e-03)
            (1.468850e+05    1.022409e-03)
            (1.519500e+05    1.380716e-03)
            (1.570150e+05    1.477178e-03)
            (1.620800e+05    1.438212e-03)
            (1.671450e+05    1.496455e-03)
            (1.722100e+05    1.563031e-03)
            (1.772750e+05    1.825695e-03)
            (1.823400e+05    2.776525e-03)
            (1.874050e+05    2.934720e-03)
            (1.924700e+05    2.647220e-03)
            (1.975350e+05    2.648772e-03)
            (2.026000e+05    6.111682e-03)
            (2.076650e+05    6.282107e-03)
            (2.127300e+05    6.296969e-03)
            (2.177950e+05    4.852340e-03)
            (2.228600e+05    4.551139e-03)
            (2.279250e+05    7.768727e-03)
            (2.329900e+05    3.337712e-03)
            (2.380550e+05    5.164138e-03)
            (2.431200e+05    4.621347e-02)
            (2.481850e+05    4.765004e-02)
            (2.532500e+05    4.904433e-02)
        )
    )
    (
        1.9e-05
        (
            (1.013000e+04    9.545888e-08)
            (1.519500e+04    2.170522e-07)
            (2.026000e+04    3.915237e-07)
            (2.532500e+04    6.238120e-07)
            (3.039000e+04    9.213289e-07)
            (3.545500e+04    1.296004e-06)
            (4.052000e+04    1.769511e-06)
            (4.558500e+04    2.389686e-06)
            (5.065000e+04    3.277425e-06)
            (5.571500e+04    4.749855e-06)
            (6.078000e+04    7.603438e-06)
            (6.584500e+04    1.367952e-05)
            (7.091000e+04    2.682791e-05)
            (7.597500e+04    5.416031e-05)
            (8.104000e+04    1.056003e-04)
            (8.610500e+04    1.851124e-04)
            (9.117000e+04    3.371487e-04)
            (9.623500e+04    4.514931e-04)
            (1.013000e+05    5.913149e-04)
            (1.063650e+05    7.174188e-04)
            (1.114300e+05    7.573725e-04)
            (1.164950e+05    7.908178e-04)
            (1.215600e+05    9.416772e-04)
            (1.266250e+05    9.662050e-04)
            (1.316900e+05    9.876168e-04)
            (1.367550e+05    1.057141e-03)
            (1.418200e+05    1.046305e-03)
            (1.468850e+05    1.404045e-03)
            (1.519500e+05    1.420770e-03)
            (1.570150e+05    1.360060e-03)
            (1.620800e+05    1.452508e-03)
            (1.671450e+05    1.886279e-03)
            (1.722100e+05    2.552360e-03)
            (1.772750e+05    2.613133e-03)
            (1.823400e+05    2.437525e-03)
            (1.874050e+05    2.072348e-03)
            (1.924700e+05    2.947833e-03)
            (1.975350e+05    5.907302e-03)
            (2.026000e+05    6.047167e-03)
            (2.076650e+05    6.064907e-03)
            (2.127300e+05    4.813608e-03)
            (2.177950e+05    6.756122e-03)
            (2.228600e+05    7.409831e-03)
            (2.279250e+05    7.097840e-03)
            (2.329900e+05    5.013153e-03)
            (2.380550e+05    4.443936e-02)
            (2.431200e+05    4.586235e-02)
            (2.481850e+05    4.723616e-02)
            (2.532500e+05    4.842698e-02)
        )
    )
    (
        2e-05
        (
            (1.013000e+04    1.230292e-07)
            (1.519500e+04    2.798013e-07)
            (2.026000e+04    5.049124e-07)
            (2.532500e+04    8.049925e-07)
            (3.039000e+04    1.190185e-06)
            (3.545500e+04    1.677222e-06)
            (4.052000e+04    2.298059e-06)
            (4.558500e+04    3.124709e-06)
            (5.065000e+04    4.336791e-06)
            (5.571500e+04    6.385276e-06)
            (6.078000e+04    1.034187e-05)
            (6.584500e+04    1.854236e-05)
            (7.091000e+04    3.557485e-05)
            (7.597500e+04    6.941445e-05)
            (8.104000e+04    1.328214e-04)
            (8.610500e+04    2.515607e-04)
            (9.117000e+04    3.653077e-04)
            (9.623500e+04    4.940904e-04)
            (1.013000e+05    7.004900e-04)
            (1.063650e+05    7.635342e-04)
            (1.114300e+05    9.522992e-04)
            (1.164950e+05    9.879337e-04)
            (1.215600e+05    9.935915e-04)
            (1.266250e+05    1.044256e-03)
            (1.316900e+05    1.057027e-03)
            (1.367550e+05    1.351506e-03)
            (1.418200e+05    1.422861e-03)
            (1.468850e+05    1.440787e-03)
            (1.519500e+05    1.410298e-03)
            (1.570150e+05    1.531554e-03)
            (1.620800e+05    2.184839e-03)
            (1.671450e+05    2.474929e-03)
            (1.722100e+05    2.684192e-03)
            (1.772750e+05    2.018244e-03)
            (1.823400e+05    2.908058e-03)
            (1.874050e+05    2.836781e-03)
            (1.924700e+05    3.209708e-03)
            (1.975350e+05    5.794852e-03)
            (2.026000e+05    4.085916e-03)
            (2.076650e+05    6.605257e-03)
            (2.127300e+05    3.114095e-03)
            (2.177950e+05    6.094284e-03)
            (2.228600e+05    5.584207e-03)
            (2.279250e+05    5.232597e-03)
            (2.329900e+05    4.277221e-02)
            (2.380550e+05    4.416345e-02)
            (2.431200e+05    4.551938e-02)
            (2.481850e+05    4.672628e-02)
            (2.532500e+05    4.818714e-02)
        )
    )
    (
        2.1e-05
        (
            (1.013000e+04    1.565461e-07)
            (1.519500e+04    3.560494e-07)
            (2.026000e+04    6.427889e-07)
            (2.532500e+04    1.025514e-06)
            (3.039000e+04    1.518025e-06)
            (3.545500e+04    2.143785e-06)
            (4.052000e+04    2.949766e-06)
            (4.558500e+04    4.044348e-06)
            (5.065000e+04    5.694769e-06)
            (5.571500e+04    8.550463e-06)
            (6.078000e+04    1.409435e-05)
            (6.584500e+04    2.544551e-05)
            (7.091000e+04    4.863457e-05)
            (7.597500e+04    9.443336e-05)
            (8.104000e+04    1.761351e-04)
            (8.610500e+04    2.728377e-04)
            (9.117000e+04    4.023072e-04)
            (9.623500e+04    6.515131e-04)
            (1.013000e+05    7.299293e-04)
            (1.063650e+05    9.942655e-04)
            (1.114300e+05    1.014348e-03)
            (1.164950e+05    1.022501e-03)
            (1.215600e+05    1.130097e-03)
            (1.266250e+05    1.086796e-03)
            (1.316900e+05    1.402287e-03)
            (1.367550e+05    1.424871e-03)
            (1.418200e+05    1.380396e-03)
            (1.468850e+05    1.565524e-03)
            (1.519500e+05    1.799313e-03)
            (1.570150e+05    2.322784e-03)
            (1.620800e+05    2.417542e-03)
            (1.671450e+05    1.759907e-03)
            (1.722100e+05    2.546705e-03)
            (1.772750e+05    2.835538e-03)
            (1.823400e+05    2.293025e-03)
            (1.874050e+05    3.148339e-03)
            (1.924700e+05    5.619180e-03)
            (1.975350e+05    4.971141e-03)
            (2.026000e+05    3.001803e-03)
            (2.076650e+05    5.590020e-03)
            (2.127300e+05    3.945968e-03)
            (2.177950e+05    7.815930e-03)
            (2.228600e+05    7.695527e-03)
            (2.279250e+05    4.124988e-02)
            (2.329900e+05    4.254369e-02)
            (2.380550e+05    4.388511e-02)
            (2.431200e+05    4.517523e-02)
            (2.481850e+05    4.649625e-02)
            (2.532500e+05    4.844286e-02)
        )
    )
    (
        2.2e-05
        (
            (1.013000e+04    1.967947e-07)
            (1.519500e+04    4.477256e-07)
            (2.026000e+04    8.086931e-07)
            (2.532500e+04    1.291157e-06)
            (3.039000e+04    1.913679e-06)
            (3.545500e+04    2.709026e-06)
            (4.052000e+04    3.744888e-06)
            (4.558500e+04    5.178875e-06)
            (5.065000e+04    7.392961e-06)
            (5.571500e+04    1.128242e-05)
            (6.078000e+04    1.880026e-05)
            (6.584500e+04    3.382644e-05)
            (7.091000e+04    6.313859e-05)
            (7.597500e+04    1.156036e-04)
            (8.104000e+04    1.946538e-04)
            (8.610500e+04    3.168568e-04)
            (9.117000e+04    5.573415e-04)
            (9.623500e+04    6.467011e-04)
            (1.013000e+05    7.454603e-04)
            (1.063650e+05    1.009266e-03)
            (1.114300e+05    1.029934e-03)
            (1.164950e+05    1.137307e-03)
            (1.215600e+05    1.394730e-03)
            (1.266250e+05    1.450530e-03)
            (1.316900e+05    1.371790e-03)
            (1.367550e+05    1.511324e-03)
            (1.418200e+05    1.625075e-03)
            (1.468850e+05    1.796005e-03)
            (1.519500e+05    1.744427e-03)
            (1.570150e+05    2.367142e-03)
            (1.620800e+05    1.631350e-03)
            (1.671450e+05    2.398510e-03)
            (1.722100e+05    2.764449e-03)
            (1.772750e+05    3.183469e-03)
            (1.823400e+05    5.486088e-03)
            (1.874050e+05    5.534815e-03)
            (1.924700e+05    6.230182e-03)
            (1.975350e+05    3.826224e-03)
            (2.026000e+05    6.559738e-03)
            (2.076650e+05    6.760433e-03)
            (2.127300e+05    6.737845e-03)
            (2.177950e+05    7.118499e-03)
            (2.228600e+05    3.950339e-02)
            (2.279250e+05    4.100221e-02)
            (2.329900e+05    4.232994e-02)
            (2.380550e+05    4.361443e-02)
            (2.431200e+05    4.484994e-02)
            (2.481850e+05    4.597183e-02)
            (2.532500e+05    4.739062e-02)
        )
    )
    (
        2.3e-05
        (
            (1.013000e+04    2.447143e-07)
            (1.519500e+04    5.568522e-07)
            (2.026000e+04    1.006353e-06)
            (2.532500e+04    1.608106e-06)
            (3.039000e+04    2.386775e-06)
            (3.545500e+04    3.387357e-06)
            (4.052000e+04    4.703854e-06)
            (4.558500e+04    6.552112e-06)
            (5.065000e+04    9.434355e-06)
            (5.571500e+04    1.447100e-05)
            (6.078000e+04    2.397274e-05)
            (6.584500e+04    4.224786e-05)
            (7.091000e+04    7.634021e-05)
            (7.597500e+04    1.363058e-04)
            (8.104000e+04    2.450807e-04)
            (8.610500e+04    4.367652e-04)
            (9.117000e+04    5.455282e-04)
            (9.623500e+04    6.544855e-04)
            (1.013000e+05    1.016673e-03)
            (1.063650e+05    1.013108e-03)
            (1.114300e+05    1.091630e-03)
            (1.164950e+05    1.463489e-03)
            (1.215600e+05    1.485227e-03)
            (1.266250e+05    1.605989e-03)
            (1.316900e+05    1.461242e-03)
            (1.367550e+05    1.510251e-03)
            (1.418200e+05    1.827678e-03)
            (1.468850e+05    1.842691e-03)
            (1.519500e+05    2.405825e-03)
            (1.570150e+05    2.612775e-03)
            (1.620800e+05    2.099556e-03)
            (1.671450e+05    2.776173e-03)
            (1.722100e+05    2.434105e-03)
            (1.772750e+05    4.366940e-03)
            (1.823400e+05    5.486490e-03)
            (1.874050e+05    3.102677e-03)
            (1.924700e+05    6.007404e-03)
            (1.975350e+05    5.317081e-03)
            (2.026000e+05    6.265148e-03)
            (2.076650e+05    4.456075e-03)
            (2.127300e+05    7.326567e-03)
            (2.177950e+05    6.497942e-03)
            (2.228600e+05    3.954618e-02)
            (2.279250e+05    4.084881e-02)
            (2.329900e+05    4.211980e-02)
            (2.380550e+05    4.369037e-02)
            (2.431200e+05    4.477804e-02)
            (2.481850e+05    4.586871e-02)
            (2.532500e+05    4.703851e-02)
        )
    )
    (
        2.4e-05
        (
            (1.013000e+04    3.012101e-07)
            (1.519500e+04    6.855985e-07)
            (2.026000e+04    1.239694e-06)
            (2.532500e+04    1.982850e-06)
            (3.039000e+04    2.947718e-06)
            (3.545500e+04    4.196071e-06)
            (4.052000e+04    5.859242e-06)
            (4.558500e+04    8.236167e-06)
            (5.065000e+04    1.200447e-05)
            (5.571500e+04    1.862610e-05)
            (6.078000e+04    3.103610e-05)
            (6.584500e+04    5.470563e-05)
            (7.091000e+04    9.941045e-05)
            (7.597500e+04    1.842954e-04)
            (8.104000e+04    3.192970e-04)
            (8.610500e+04    4.295352e-04)
            (9.117000e+04    5.465037e-04)
            (9.623500e+04    9.891794e-04)
            (1.013000e+05    1.010569e-03)
            (1.063650e+05    1.075057e-03)
            (1.114300e+05    1.521960e-03)
            (1.164950e+05    1.542833e-03)
            (1.215600e+05    1.461996e-03)
            (1.266250e+05    1.498845e-03)
            (1.316900e+05    1.549233e-03)
            (1.367550e+05    1.674354e-03)
            (1.418200e+05    2.348686e-03)
            (1.468850e+05    2.267368e-03)
            (1.519500e+05    2.246891e-03)
            (1.570150e+05    2.395045e-03)
            (1.620800e+05    2.759232e-03)
            (1.671450e+05    3.096032e-03)
            (1.722100e+05    5.277761e-03)
            (1.772750e+05    5.378832e-03)
            (1.823400e+05    5.800000e-03)
            (1.874050e+05    2.409056e-03)
            (1.924700e+05    5.658295e-03)
            (1.975350e+05    3.755146e-03)
            (2.026000e+05    6.508926e-03)
            (2.076650e+05    5.443061e-03)
            (2.127300e+05    6.874567e-03)
            (2.177950e+05    3.820817e-02)
            (2.228600e+05    3.943312e-02)
            (2.279250e+05    4.069184e-02)
            (2.329900e+05    4.186940e-02)
            (2.380550e+05    4.315981e-02)
            (2.431200e+05    4.452805e-02)
            (2.481850e+05    4.554302e-02)
            (2.532500e+05    4.689649e-02)
        )
    )
    (
        2.5e-05
        (
            (1.013000e+04    3.672639e-07)
            (1.519500e+04    8.361921e-07)
            (2.026000e+04    1.512843e-06)
            (2.532500e+04    2.422181e-06)
            (3.039000e+04    3.607450e-06)
            (3.545500e+04    5.153345e-06)
            (4.052000e+04    7.244632e-06)
            (4.558500e+04    1.030262e-05)
            (5.065000e+04    1.526975e-05)
            (5.571500e+04    2.413814e-05)
            (6.078000e+04    4.082877e-05)
            (6.584500e+04    7.249445e-05)
            (7.091000e+04    1.305772e-04)
            (7.597500e+04    2.216980e-04)
            (8.104000e+04    3.205381e-04)
            (8.610500e+04    4.344776e-04)
            (9.117000e+04    8.940949e-04)
            (9.623500e+04    9.672609e-04)
            (1.013000e+05    1.170614e-03)
            (1.063650e+05    1.568042e-03)
            (1.114300e+05    1.582773e-03)
            (1.164950e+05    1.647505e-03)
            (1.215600e+05    1.520049e-03)
            (1.266250e+05    1.657937e-03)
            (1.316900e+05    1.979806e-03)
            (1.367550e+05    2.382151e-03)
            (1.418200e+05    2.406628e-03)
            (1.468850e+05    2.006830e-03)
            (1.519500e+05    2.395778e-03)
            (1.570150e+05    2.692096e-03)
            (1.620800e+05    2.719650e-03)
            (1.671450e+05    3.987439e-03)
            (1.722100e+05    5.278247e-03)
            (1.772750e+05    3.579022e-03)
            (1.823400e+05    2.351895e-03)
            (1.874050e+05    5.872391e-03)
            (1.924700e+05    3.938350e-03)
            (1.975350e+05    6.257491e-03)
            (2.026000e+05    7.967146e-03)
            (2.076650e+05    7.080211e-03)
            (2.127300e+05    3.695573e-02)
            (2.177950e+05    3.808716e-02)
            (2.228600e+05    3.932668e-02)
            (2.279250e+05    4.049987e-02)
            (2.329900e+05    8.055254e-03)
            (2.380550e+05    4.291698e-02)
            (2.431200e+05    4.412321e-02)
            (2.481850e+05    4.530560e-02)
            (2.532500e+05    4.656524e-02)
        )
    )
    (
        2.6e-05
        (
            (1.013000e+04    4.437781e-07)
            (1.519500e+04    1.010858e-06)
            (2.026000e+04    1.830005e-06)
            (2.532500e+04    2.933063e-06)
            (3.039000e+04    4.376734e-06)
            (3.545500e+04    6.273515e-06)
            (4.052000e+04    8.869988e-06)
            (4.558500e+04    1.271767e-05)
            (5.065000e+04    1.900980e-05)
            (5.571500e+04    3.015232e-05)
            (6.078000e+04    5.053794e-05)
            (6.584500e+04    8.699221e-05)
            (7.091000e+04    1.466043e-04)
            (7.597500e+04    2.298244e-04)
            (8.104000e+04    3.370830e-04)
            (8.610500e+04    7.197754e-04)
            (9.117000e+04    8.691434e-04)
            (9.623500e+04    9.175198e-04)
            (1.013000e+05    1.089031e-03)
            (1.063650e+05    1.651930e-03)
            (1.114300e+05    1.568939e-03)
            (1.164950e+05    1.568820e-03)
            (1.215600e+05    1.628179e-03)
            (1.266250e+05    2.342693e-03)
            (1.316900e+05    2.415977e-03)
            (1.367550e+05    2.500516e-03)
            (1.418200e+05    1.933923e-03)
            (1.468850e+05    2.115213e-03)
            (1.519500e+05    2.707057e-03)
            (1.570150e+05    2.791576e-03)
            (1.620800e+05    2.544652e-03)
            (1.671450e+05    5.232333e-03)
            (1.722100e+05    4.881012e-03)
            (1.772750e+05    5.070937e-03)
            (1.823400e+05    6.141049e-03)
            (1.874050e+05    5.890257e-03)
            (1.924700e+05    4.036970e-03)
            (1.975350e+05    5.192953e-03)
            (2.026000e+05    4.103909e-03)
            (2.076650e+05    5.658359e-03)
            (2.127300e+05    3.682372e-02)
            (2.177950e+05    3.802548e-02)
            (2.228600e+05    3.920252e-02)
            (2.279250e+05    3.945401e-02)
            (2.329900e+05    4.189712e-02)
            (2.380550e+05    4.276482e-02)
            (2.431200e+05    4.388739e-02)
            (2.481850e+05    4.514394e-02)
            (2.532500e+05    4.618665e-02)
        )
    )
);
