// A characteristic map for 
// RAv(REqu, pAc)
// data(
//     equilibrium radius,
//     acoustic pressure amplitude
// )
//
// Loaded via transportProperties.
//
// Table structure:
//  (
//      REqu 1
//      (
//          (pAc 1     RAv 1)
//          (pAc 2     RAv 2)
//          (...)
//      )
//      REqu 2
//      (...
//      )
//  )
(
    (
        1e-06
        (
            (1.013000e+04    1.006991e-06)
            (1.519500e+04    1.007422e-06)
            (2.026000e+04    1.008030e-06)
            (2.532500e+04    1.008817e-06)
            (3.039000e+04    1.009789e-06)
            (3.545500e+04    1.010951e-06)
            (4.052000e+04    1.012311e-06)
            (4.558500e+04    1.013877e-06)
            (5.065000e+04    1.015662e-06)
            (5.571500e+04    1.017677e-06)
            (6.078000e+04    1.019938e-06)
            (6.584500e+04    1.022463e-06)
            (7.091000e+04    1.025275e-06)
            (7.597500e+04    1.028400e-06)
            (8.104000e+04    1.031871e-06)
            (8.610500e+04    1.035727e-06)
            (9.117000e+04    1.040019e-06)
            (9.623500e+04    1.044808e-06)
            (1.013000e+05    1.050176e-06)
            (1.063650e+05    1.056229e-06)
            (1.114300e+05    1.063115e-06)
            (1.164950e+05    1.071043e-06)
            (1.215600e+05    1.080331e-06)
            (1.266250e+05    1.091506e-06)
            (1.316900e+05    1.105577e-06)
            (1.367550e+05    1.125135e-06)
            (1.418200e+05    2.220488e-06)
            (1.468850e+05    8.071417e-06)
            (1.519500e+05    1.205955e-05)
            (1.570150e+05    1.575306e-05)
            (1.620800e+05    1.932335e-05)
            (1.671450e+05    2.282724e-05)
            (1.722100e+05    2.629044e-05)
            (1.772750e+05    2.972668e-05)
            (1.823400e+05    3.314268e-05)
            (1.874050e+05    3.654346e-05)
            (1.924700e+05    3.993162e-05)
            (1.975350e+05    4.330795e-05)
            (2.026000e+05    4.667257e-05)
            (2.076650e+05    5.002539e-05)
            (2.127300e+05    5.336630e-05)
            (2.177950e+05    5.669534e-05)
            (2.228600e+05    6.001270e-05)
            (2.279250e+05    6.331876e-05)
            (2.329900e+05    6.661409e-05)
            (2.380550e+05    6.989940e-05)
            (2.431200e+05    7.317554e-05)
            (2.481850e+05    7.644346e-05)
            (2.532500e+05    7.970399e-05)
        )
    )
    (
        2e-06
        (
            (1.013000e+04    2.018356e-06)
            (1.519500e+04    2.019835e-06)
            (2.026000e+04    2.021925e-06)
            (2.532500e+04    2.024646e-06)
            (3.039000e+04    2.028023e-06)
            (3.545500e+04    2.032092e-06)
            (4.052000e+04    2.036896e-06)
            (4.558500e+04    2.042490e-06)
            (5.065000e+04    2.048940e-06)
            (5.571500e+04    2.056332e-06)
            (6.078000e+04    2.064770e-06)
            (6.584500e+04    2.074391e-06)
            (7.091000e+04    2.085366e-06)
            (7.597500e+04    2.097921e-06)
            (8.104000e+04    2.112362e-06)
            (8.610500e+04    2.129112e-06)
            (9.117000e+04    2.148787e-06)
            (9.623500e+04    2.172340e-06)
            (1.013000e+05    2.201388e-06)
            (1.063650e+05    2.239146e-06)
            (1.114300e+05    2.295021e-06)
            (1.164950e+05    2.494734e-06)
            (1.215600e+05    4.192888e-06)
            (1.266250e+05    6.792258e-06)
            (1.316900e+05    9.614966e-06)
            (1.367550e+05    1.255896e-05)
            (1.418200e+05    1.558657e-05)
            (1.468850e+05    1.867499e-05)
            (1.519500e+05    2.180845e-05)
            (1.570150e+05    2.497581e-05)
            (1.620800e+05    2.816944e-05)
            (1.671450e+05    3.138426e-05)
            (1.722100e+05    3.461676e-05)
            (1.772750e+05    3.786424e-05)
            (1.823400e+05    4.112410e-05)
            (1.874050e+05    4.439291e-05)
            (1.924700e+05    4.766885e-05)
            (1.975350e+05    5.095143e-05)
            (2.026000e+05    5.423874e-05)
            (2.076650e+05    5.752913e-05)
            (2.127300e+05    6.082139e-05)
            (2.177950e+05    6.411464e-05)
            (2.228600e+05    6.740838e-05)
            (2.279250e+05    7.070243e-05)
            (2.329900e+05    7.399691e-05)
            (2.380550e+05    7.729229e-05)
            (2.431200e+05    8.058936e-05)
            (2.481850e+05    8.388921e-05)
            (2.532500e+05    8.719325e-05)
        )
    )
    (
        3e-06
        (
            (1.013000e+04    3.030853e-06)
            (1.519500e+04    3.033608e-06)
            (2.026000e+04    3.037509e-06)
            (2.532500e+04    3.042599e-06)
            (3.039000e+04    3.048938e-06)
            (3.545500e+04    3.056605e-06)
            (4.052000e+04    3.065701e-06)
            (4.558500e+04    3.076352e-06)
            (5.065000e+04    3.088721e-06)
            (5.571500e+04    3.103015e-06)
            (6.078000e+04    3.119502e-06)
            (6.584500e+04    3.138530e-06)
            (7.091000e+04    3.160570e-06)
            (7.597500e+04    3.186272e-06)
            (8.104000e+04    3.216569e-06)
            (8.610500e+04    3.252887e-06)
            (9.117000e+04    3.297586e-06)
            (9.623500e+04    3.355218e-06)
            (1.013000e+05    3.438620e-06)
            (1.063650e+05    3.631117e-06)
            (1.114300e+05    4.449272e-06)
            (1.164950e+05    6.158291e-06)
            (1.215600e+05    8.379152e-06)
            (1.266250e+05    1.092337e-05)
            (1.316900e+05    1.366321e-05)
            (1.367550e+05    1.653564e-05)
            (1.418200e+05    1.950295e-05)
            (1.468850e+05    2.254010e-05)
            (1.519500e+05    2.562972e-05)
            (1.570150e+05    2.875968e-05)
            (1.620800e+05    3.192170e-05)
            (1.671450e+05    3.511015e-05)
            (1.722100e+05    3.832102e-05)
            (1.772750e+05    4.155116e-05)
            (1.823400e+05    4.479787e-05)
            (1.874050e+05    4.805869e-05)
            (1.924700e+05    5.133094e-05)
            (1.975350e+05    5.461183e-05)
            (2.026000e+05    5.789995e-05)
            (2.076650e+05    6.119509e-05)
            (2.127300e+05    6.449637e-05)
            (2.177950e+05    6.780302e-05)
            (2.228600e+05    7.111457e-05)
            (2.279250e+05    7.443115e-05)
            (2.329900e+05    7.775220e-05)
            (2.380550e+05    8.107800e-05)
            (2.431200e+05    8.441459e-05)
            (2.481850e+05    8.776657e-05)
            (2.532500e+05    9.111988e-05)
        )
    )
    (
        4e-06
        (
            (1.013000e+04    4.043805e-06)
            (1.519500e+04    4.047939e-06)
            (2.026000e+04    4.053797e-06)
            (2.532500e+04    4.061452e-06)
            (3.039000e+04    4.071005e-06)
            (3.545500e+04    4.082587e-06)
            (4.052000e+04    4.096368e-06)
            (4.558500e+04    4.112566e-06)
            (5.065000e+04    4.131460e-06)
            (5.571500e+04    4.153414e-06)
            (6.078000e+04    4.178903e-06)
            (6.584500e+04    4.208570e-06)
            (7.091000e+04    4.243298e-06)
            (7.597500e+04    4.284360e-06)
            (8.104000e+04    4.333693e-06)
            (8.610500e+04    4.394525e-06)
            (9.117000e+04    4.473332e-06)
            (9.623500e+04    4.590117e-06)
            (1.013000e+05    4.844364e-06)
            (1.063650e+05    5.593934e-06)
            (1.114300e+05    7.110108e-06)
            (1.164950e+05    8.992669e-06)
            (1.215600e+05    1.127445e-05)
            (1.266250e+05    1.382292e-05)
            (1.316900e+05    1.655205e-05)
            (1.367550e+05    1.940983e-05)
            (1.418200e+05    2.236206e-05)
            (1.468850e+05    2.538507e-05)
            (1.519500e+05    2.846214e-05)
            (1.570150e+05    3.158151e-05)
            (1.620800e+05    3.473503e-05)
            (1.671450e+05    3.791709e-05)
            (1.722100e+05    4.112366e-05)
            (1.772750e+05    4.435152e-05)
            (1.823400e+05    4.759795e-05)
            (1.874050e+05    5.086054e-05)
            (1.924700e+05    5.413716e-05)
            (1.975350e+05    5.742583e-05)
            (2.026000e+05    6.072460e-05)
            (2.076650e+05    6.403174e-05)
            (2.127300e+05    6.734639e-05)
            (2.177950e+05    7.066871e-05)
            (2.228600e+05    7.399943e-05)
            (2.279250e+05    7.734027e-05)
            (2.329900e+05    8.069680e-05)
            (2.380550e+05    8.408179e-05)
            (2.431200e+05    8.751395e-05)
            (2.481850e+05    9.099659e-05)
            (2.532500e+05    9.438939e-05)
        )
    )
    (
        5e-06
        (
            (1.013000e+04    5.056987e-06)
            (1.519500e+04    5.062555e-06)
            (2.026000e+04    5.070449e-06)
            (2.532500e+04    5.080776e-06)
            (3.039000e+04    5.093681e-06)
            (3.545500e+04    5.109352e-06)
            (4.052000e+04    5.128038e-06)
            (4.558500e+04    5.150058e-06)
            (5.065000e+04    5.175825e-06)
            (5.571500e+04    5.205883e-06)
            (6.078000e+04    5.240954e-06)
            (6.584500e+04    5.282029e-06)
            (7.091000e+04    5.330511e-06)
            (7.597500e+04    5.388495e-06)
            (8.104000e+04    5.459396e-06)
            (8.610500e+04    5.549861e-06)
            (9.117000e+04    5.678355e-06)
            (9.623500e+04    5.916124e-06)
            (1.013000e+05    6.480956e-06)
            (1.063650e+05    7.765858e-06)
            (1.114300e+05    9.452421e-06)
            (1.164950e+05    1.143122e-05)
            (1.215600e+05    1.374788e-05)
            (1.266250e+05    1.630491e-05)
            (1.316900e+05    1.903278e-05)
            (1.367550e+05    2.188564e-05)
            (1.418200e+05    2.483194e-05)
            (1.468850e+05    2.784927e-05)
            (1.519500e+05    3.092159e-05)
            (1.570150e+05    3.403745e-05)
            (1.620800e+05    3.718880e-05)
            (1.671450e+05    4.037011e-05)
            (1.722100e+05    4.357741e-05)
            (1.772750e+05    4.680749e-05)
            (1.823400e+05    5.005741e-05)
            (1.874050e+05    5.332453e-05)
            (1.924700e+05    5.660703e-05)
            (1.975350e+05    5.990467e-05)
            (2.026000e+05    6.321862e-05)
            (2.076650e+05    6.654710e-05)
            (2.127300e+05    6.987514e-05)
            (2.177950e+05    7.317998e-05)
            (2.228600e+05    7.650712e-05)
            (2.279250e+05    7.997586e-05)
            (2.329900e+05    8.352821e-05)
            (2.380550e+05    8.645892e-05)
            (2.431200e+05    8.981308e-05)
            (2.481850e+05    9.409089e-05)
            (2.532500e+05    9.847444e-05)
        )
    )
    (
        6e-06
        (
            (1.013000e+04    6.070303e-06)
            (1.519500e+04    6.077337e-06)
            (2.026000e+04    6.087317e-06)
            (2.532500e+04    6.100384e-06)
            (3.039000e+04    6.116727e-06)
            (3.545500e+04    6.136600e-06)
            (4.052000e+04    6.160334e-06)
            (4.558500e+04    6.188357e-06)
            (5.065000e+04    6.221231e-06)
            (5.571500e+04    6.259698e-06)
            (6.078000e+04    6.304761e-06)
            (6.584500e+04    6.357816e-06)
            (7.091000e+04    6.420898e-06)
            (7.597500e+04    6.497206e-06)
            (8.104000e+04    6.592588e-06)
            (8.610500e+04    6.721160e-06)
            (9.117000e+04    6.927857e-06)
            (9.623500e+04    7.346683e-06)
            (1.013000e+05    8.272418e-06)
            (1.063650e+05    9.854506e-06)
            (1.114300e+05    1.163810e-05)
            (1.164950e+05    1.368056e-05)
            (1.215600e+05    1.602239e-05)
            (1.266250e+05    1.858790e-05)
            (1.316900e+05    2.131717e-05)
            (1.367550e+05    2.416869e-05)
            (1.418200e+05    2.711271e-05)
            (1.468850e+05    3.012786e-05)
            (1.519500e+05    3.319913e-05)
            (1.570150e+05    3.631434e-05)
            (1.620800e+05    3.946652e-05)
            (1.671450e+05    4.265096e-05)
            (1.722100e+05    4.585932e-05)
            (1.772750e+05    4.909386e-05)
            (1.823400e+05    5.235531e-05)
            (1.874050e+05    5.562171e-05)
            (1.924700e+05    5.890673e-05)
            (1.975350e+05    6.224842e-05)
            (2.026000e+05    6.555251e-05)
            (2.076650e+05    6.881175e-05)
            (2.127300e+05    7.231965e-05)
            (2.177950e+05    7.566772e-05)
            (2.228600e+05    7.870767e-05)
            (2.279250e+05    8.277243e-05)
            (2.329900e+05    8.516206e-05)
            (2.380550e+05    8.918017e-05)
            (2.431200e+05    9.447172e-05)
            (2.481850e+05    9.596099e-05)
            (2.532500e+05    1.019189e-04)
        )
    )
    (
        7e-06
        (
            (1.013000e+04    7.083703e-06)
            (1.519500e+04    7.092228e-06)
            (2.026000e+04    7.104330e-06)
            (2.532500e+04    7.120183e-06)
            (3.039000e+04    7.140028e-06)
            (3.545500e+04    7.164184e-06)
            (4.052000e+04    7.193071e-06)
            (4.558500e+04    7.227234e-06)
            (5.065000e+04    7.267395e-06)
            (5.571500e+04    7.314514e-06)
            (6.078000e+04    7.369907e-06)
            (6.584500e+04    7.435445e-06)
            (7.091000e+04    7.513958e-06)
            (7.597500e+04    7.610277e-06)
            (8.104000e+04    7.734625e-06)
            (8.610500e+04    7.914658e-06)
            (9.117000e+04    8.229372e-06)
            (9.623500e+04    8.852252e-06)
            (1.013000e+05    1.011582e-05)
            (1.063650e+05    1.186892e-05)
            (1.114300e+05    1.373382e-05)
            (1.164950e+05    1.582564e-05)
            (1.215600e+05    1.818800e-05)
            (1.266250e+05    2.076213e-05)
            (1.316900e+05    2.349388e-05)
            (1.367550e+05    2.634619e-05)
            (1.418200e+05    2.928991e-05)
            (1.468850e+05    3.230484e-05)
            (1.519500e+05    3.537829e-05)
            (1.570150e+05    3.849172e-05)
            (1.620800e+05    4.165460e-05)
            (1.671450e+05    4.482877e-05)
            (1.722100e+05    4.806290e-05)
            (1.772750e+05    5.128341e-05)
            (1.823400e+05    5.455440e-05)
            (1.874050e+05    5.787144e-05)
            (1.924700e+05    6.106963e-05)
            (1.975350e+05    6.459302e-05)
            (2.026000e+05    6.762628e-05)
            (2.076650e+05    7.126872e-05)
            (2.127300e+05    7.450350e-05)
            (2.177950e+05    7.779958e-05)
            (2.228600e+05    8.237273e-05)
            (2.279250e+05    8.441306e-05)
            (2.329900e+05    9.015479e-05)
            (2.380550e+05    9.169182e-05)
            (2.431200e+05    9.848439e-05)
            (2.481850e+05    9.995716e-05)
            (2.532500e+05    1.093304e-04)
        )
    )
    (
        8e-06
        (
            (1.013000e+04    8.097162e-06)
            (1.519500e+04    8.107197e-06)
            (2.026000e+04    8.121448e-06)
            (2.532500e+04    8.140125e-06)
            (3.039000e+04    8.163522e-06)
            (3.545500e+04    8.192027e-06)
            (4.052000e+04    8.226153e-06)
            (4.558500e+04    8.266572e-06)
            (5.065000e+04    8.314174e-06)
            (5.571500e+04    8.370162e-06)
            (6.078000e+04    8.436206e-06)
            (6.584500e+04    8.514747e-06)
            (7.091000e+04    8.609697e-06)
            (7.597500e+04    8.728450e-06)
            (8.104000e+04    8.888328e-06)
            (8.610500e+04    9.135073e-06)
            (9.117000e+04    9.576456e-06)
            (9.623500e+04    1.042841e-05)
            (1.013000e+05    1.195771e-05)
            (1.063650e+05    1.383504e-05)
            (1.114300e+05    1.577590e-05)
            (1.164950e+05    1.790921e-05)
            (1.215600e+05    2.029178e-05)
            (1.266250e+05    2.287139e-05)
            (1.316900e+05    2.561134e-05)
            (1.367550e+05    2.845899e-05)
            (1.418200e+05    3.141373e-05)
            (1.468850e+05    3.441674e-05)
            (1.519500e+05    3.751193e-05)
            (1.570150e+05    4.060246e-05)
            (1.620800e+05    4.380682e-05)
            (1.671450e+05    4.693549e-05)
            (1.722100e+05    5.025410e-05)
            (1.772750e+05    5.336310e-05)
            (1.823400e+05    5.685028e-05)
            (1.874050e+05    5.983725e-05)
            (1.924700e+05    6.362697e-05)
            (1.975350e+05    6.631629e-05)
            (2.026000e+05    7.064343e-05)
            (2.076650e+05    7.283429e-05)
            (2.127300e+05    7.799857e-05)
            (2.177950e+05    7.974960e-05)
            (2.228600e+05    8.582225e-05)
            (2.279250e+05    8.647215e-05)
            (2.329900e+05    8.782046e-05)
            (2.380550e+05    9.011421e-05)
            (2.431200e+05    9.525202e-05)
            (2.481850e+05    1.073983e-04)
            (2.532500e+05    1.056769e-04)
        )
    )
    (
        9e-06
        (
            (1.013000e+04    9.110664e-06)
            (1.519500e+04    9.122226e-06)
            (2.026000e+04    9.138648e-06)
            (2.532500e+04    9.160183e-06)
            (3.039000e+04    9.187175e-06)
            (3.545500e+04    9.220087e-06)
            (4.052000e+04    9.259531e-06)
            (4.558500e+04    9.306311e-06)
            (5.065000e+04    9.361503e-06)
            (5.571500e+04    9.426576e-06)
            (6.078000e+04    9.503611e-06)
            (6.584500e+04    9.595775e-06)
            (7.091000e+04    9.708520e-06)
            (7.597500e+04    9.853097e-06)
            (8.104000e+04    1.005645e-05)
            (8.610500e+04    1.038308e-05)
            (9.117000e+04    1.096300e-05)
            (9.623500e+04    1.206832e-05)
            (1.013000e+05    1.378941e-05)
            (1.063650e+05    1.577076e-05)
            (1.114300e+05    1.778564e-05)
            (1.164950e+05    1.995505e-05)
            (1.215600e+05    2.236243e-05)
            (1.266250e+05    2.494009e-05)
            (1.316900e+05    2.769622e-05)
            (1.367550e+05    3.053963e-05)
            (1.418200e+05    3.349131e-05)
            (1.468850e+05    3.652966e-05)
            (1.519500e+05    3.955251e-05)
            (1.570150e+05    4.278659e-05)
            (1.620800e+05    4.578674e-05)
            (1.671450e+05    4.921786e-05)
            (1.722100e+05    5.220458e-05)
            (1.772750e+05    5.568214e-05)
            (1.823400e+05    5.888206e-05)
            (1.874050e+05    6.186074e-05)
            (1.924700e+05    6.591894e-05)
            (1.975350e+05    6.798156e-05)
            (2.026000e+05    7.343000e-05)
            (2.076650e+05    7.508973e-05)
            (2.127300e+05    8.137733e-05)
            (2.177950e+05    8.306177e-05)
            (2.228600e+05    8.373627e-05)
            (2.279250e+05    9.252989e-05)
            (2.329900e+05    9.318430e-05)
            (2.380550e+05    1.050424e-04)
            (2.431200e+05    9.896832e-05)
            (2.481850e+05    9.881484e-05)
            (2.532500e+05    1.278365e-04)
        )
    )
    (
        1e-05
        (
            (1.013000e+04    1.012420e-05)
            (1.519500e+04    1.013730e-05)
            (2.026000e+04    1.015592e-05)
            (2.532500e+04    1.018034e-05)
            (3.039000e+04    1.021097e-05)
            (3.545500e+04    1.024834e-05)
            (4.052000e+04    1.029318e-05)
            (4.558500e+04    1.034643e-05)
            (5.065000e+04    1.040936e-05)
            (5.571500e+04    1.048375e-05)
            (6.078000e+04    1.057217e-05)
            (6.584500e+04    1.067875e-05)
            (7.091000e+04    1.081113e-05)
            (7.597500e+04    1.098576e-05)
            (8.104000e+04    1.124070e-05)
            (8.610500e+04    1.165715e-05)
            (9.117000e+04    1.238944e-05)
            (9.623500e+04    1.373254e-05)
            (1.013000e+05    1.560948e-05)
            (1.063650e+05    1.768802e-05)
            (1.114300e+05    1.977629e-05)
            (1.164950e+05    2.199191e-05)
            (1.215600e+05    2.438355e-05)
            (1.266250e+05    2.703132e-05)
            (1.316900e+05    2.972565e-05)
            (1.367550e+05    3.260589e-05)
            (1.418200e+05    3.561448e-05)
            (1.468850e+05    3.848040e-05)
            (1.519500e+05    4.180952e-05)
            (1.570150e+05    4.474182e-05)
            (1.620800e+05    4.787866e-05)
            (1.671450e+05    5.147320e-05)
            (1.722100e+05    5.400054e-05)
            (1.772750e+05    5.829584e-05)
            (1.823400e+05    6.100156e-05)
            (1.874050e+05    6.333827e-05)
            (1.924700e+05    6.881861e-05)
            (1.975350e+05    7.043436e-05)
            (2.026000e+05    7.550313e-05)
            (2.076650e+05    7.835129e-05)
            (2.127300e+05    7.947511e-05)
            (2.177950e+05    8.903719e-05)
            (2.228600e+05    9.030907e-05)
            (2.279250e+05    9.281536e-05)
            (2.329900e+05    1.030395e-04)
            (2.380550e+05    9.687328e-05)
            (2.431200e+05    1.047123e-04)
            (2.481850e+05    1.270775e-04)
            (2.532500e+05    1.279570e-04)
        )
    )
    (
        1.1e-05
        (
            (1.013000e+04    1.113776e-05)
            (1.519500e+04    1.115242e-05)
            (2.026000e+04    1.117325e-05)
            (2.532500e+04    1.120059e-05)
            (3.039000e+04    1.123489e-05)
            (3.545500e+04    1.127679e-05)
            (4.052000e+04    1.132709e-05)
            (4.558500e+04    1.138691e-05)
            (5.065000e+04    1.145775e-05)
            (5.571500e+04    1.154172e-05)
            (6.078000e+04    1.164202e-05)
            (6.584500e+04    1.176405e-05)
            (7.091000e+04    1.191837e-05)
            (7.597500e+04    1.212780e-05)
            (8.104000e+04    1.244175e-05)
            (8.610500e+04    1.295649e-05)
            (9.117000e+04    1.385798e-05)
            (9.623500e+04    1.540600e-05)
            (1.013000e+05    1.743547e-05)
            (1.063650e+05    1.958587e-05)
            (1.114300e+05    2.177176e-05)
            (1.164950e+05    2.396051e-05)
            (1.215600e+05    2.647618e-05)
            (1.266250e+05    2.907459e-05)
            (1.316900e+05    3.169530e-05)
            (1.367550e+05    3.480442e-05)
            (1.418200e+05    3.761059e-05)
            (1.468850e+05    4.044872e-05)
            (1.519500e+05    4.411318e-05)
            (1.570150e+05    4.672531e-05)
            (1.620800e+05    4.972263e-05)
            (1.671450e+05    5.399811e-05)
            (1.722100e+05    5.608807e-05)
            (1.772750e+05    5.920329e-05)
            (1.823400e+05    6.419188e-05)
            (1.874050e+05    6.578350e-05)
            (1.924700e+05    6.781937e-05)
            (1.975350e+05    7.456938e-05)
            (2.026000e+05    7.654704e-05)
            (2.076650e+05    7.689262e-05)
            (2.127300e+05    8.661517e-05)
            (2.177950e+05    8.401020e-05)
            (2.228600e+05    1.007125e-04)
            (2.279250e+05    9.480399e-05)
            (2.329900e+05    9.999409e-05)
            (2.380550e+05    1.040679e-04)
            (2.431200e+05    1.276100e-04)
            (2.481850e+05    1.279692e-04)
            (2.532500e+05    1.305274e-04)
        )
    )
    (
        1.2e-05
        (
            (1.013000e+04    1.215135e-05)
            (1.519500e+04    1.216757e-05)
            (2.026000e+04    1.219064e-05)
            (2.532500e+04    1.222092e-05)
            (3.039000e+04    1.225895e-05)
            (3.545500e+04    1.230542e-05)
            (4.052000e+04    1.236127e-05)
            (4.558500e+04    1.242778e-05)
            (5.065000e+04    1.250670e-05)
            (5.571500e+04    1.260056e-05)
            (6.078000e+04    1.271335e-05)
            (6.584500e+04    1.285215e-05)
            (7.091000e+04    1.303113e-05)
            (7.597500e+04    1.328022e-05)
            (8.104000e+04    1.365984e-05)
            (8.610500e+04    1.428187e-05)
            (9.117000e+04    1.536809e-05)
            (9.623500e+04    1.708300e-05)
            (1.013000e+05    1.924689e-05)
            (1.063650e+05    2.151324e-05)
            (1.114300e+05    2.372664e-05)
            (1.164950e+05    2.592457e-05)
            (1.215600e+05    2.860452e-05)
            (1.266250e+05    3.112073e-05)
            (1.316900e+05    3.361623e-05)
            (1.367550e+05    3.699508e-05)
            (1.418200e+05    3.981123e-05)
            (1.468850e+05    4.222354e-05)
            (1.519500e+05    4.634170e-05)
            (1.570150e+05    4.934282e-05)
            (1.620800e+05    5.132171e-05)
            (1.671450e+05    5.600956e-05)
            (1.722100e+05    5.957857e-05)
            (1.772750e+05    6.115610e-05)
            (1.823400e+05    6.306289e-05)
            (1.874050e+05    7.063330e-05)
            (1.924700e+05    7.119856e-05)
            (1.975350e+05    7.391020e-05)
            (2.026000e+05    8.325581e-05)
            (2.076650e+05    7.796301e-05)
            (2.127300e+05    8.718519e-05)
            (2.177950e+05    9.936051e-05)
            (2.228600e+05    9.247676e-05)
            (2.279250e+05    9.153046e-05)
            (2.329900e+05    1.040500e-04)
            (2.380550e+05    1.273726e-04)
            (2.431200e+05    1.288110e-04)
            (2.481850e+05    1.041288e-04)
            (2.532500e+05    1.216281e-04)
        )
    )
    (
        1.3e-05
        (
            (1.013000e+04    1.316496e-05)
            (1.519500e+04    1.318276e-05)
            (2.026000e+04    1.320809e-05)
            (2.532500e+04    1.324135e-05)
            (3.039000e+04    1.328313e-05)
            (3.545500e+04    1.333424e-05)
            (4.052000e+04    1.339573e-05)
            (4.558500e+04    1.346906e-05)
            (5.065000e+04    1.355627e-05)
            (5.571500e+04    1.366040e-05)
            (6.078000e+04    1.378643e-05)
            (6.584500e+04    1.394355e-05)
            (7.091000e+04    1.415019e-05)
            (7.597500e+04    1.444370e-05)
            (8.104000e+04    1.489511e-05)
            (8.610500e+04    1.563448e-05)
            (9.117000e+04    1.691811e-05)
            (9.623500e+04    1.876018e-05)
            (1.013000e+05    2.107071e-05)
            (1.063650e+05    2.338875e-05)
            (1.114300e+05    2.576691e-05)
            (1.164950e+05    2.781932e-05)
            (1.215600e+05    3.060201e-05)
            (1.266250e+05    3.344697e-05)
            (1.316900e+05    3.562217e-05)
            (1.367550e+05    3.843244e-05)
            (1.418200e+05    4.256961e-05)
            (1.468850e+05    4.475177e-05)
            (1.519500e+05    4.682947e-05)
            (1.570150e+05    5.244718e-05)
            (1.620800e+05    5.503059e-05)
            (1.671450e+05    5.659255e-05)
            (1.722100e+05    5.845014e-05)
            (1.772750e+05    6.649755e-05)
            (1.823400e+05    6.686147e-05)
            (1.874050e+05    6.815506e-05)
            (1.924700e+05    7.969549e-05)
            (1.975350e+05    7.885941e-05)
            (2.026000e+05    7.969214e-05)
            (2.076650e+05    8.370332e-05)
            (2.127300e+05    9.726381e-05)
            (2.177950e+05    8.855041e-05)
            (2.228600e+05    1.021695e-04)
            (2.279250e+05    1.061429e-04)
            (2.329900e+05    1.267439e-04)
            (2.380550e+05    1.240860e-04)
            (2.431200e+05    1.295362e-04)
            (2.481850e+05    1.259958e-04)
            (2.532500e+05    1.132683e-04)
        )
    )
    (
        1.4e-05
        (
            (1.013000e+04    1.417858e-05)
            (1.519500e+04    1.419799e-05)
            (2.026000e+04    1.422559e-05)
            (2.532500e+04    1.426186e-05)
            (3.039000e+04    1.430745e-05)
            (3.545500e+04    1.436325e-05)
            (4.052000e+04    1.443047e-05)
            (4.558500e+04    1.451077e-05)
            (5.065000e+04    1.460651e-05)
            (5.571500e+04    1.472136e-05)
            (6.078000e+04    1.486155e-05)
            (6.584500e+04    1.503878e-05)
            (7.091000e+04    1.527618e-05)
            (7.597500e+04    1.561861e-05)
            (8.104000e+04    1.614768e-05)
            (8.610500e+04    1.701297e-05)
            (9.117000e+04    1.849037e-05)
            (9.623500e+04    2.043976e-05)
            (1.013000e+05    2.298322e-05)
            (1.063650e+05    2.507202e-05)
            (1.114300e+05    2.800293e-05)
            (1.164950e+05    3.001680e-05)
            (1.215600e+05    3.206115e-05)
            (1.266250e+05    3.552467e-05)
            (1.316900e+05    3.858587e-05)
            (1.367550e+05    4.043098e-05)
            (1.418200e+05    4.271264e-05)
            (1.468850e+05    4.848476e-05)
            (1.519500e+05    5.061717e-05)
            (1.570150e+05    5.215029e-05)
            (1.620800e+05    5.397490e-05)
            (1.671450e+05    6.236101e-05)
            (1.722100e+05    6.313051e-05)
            (1.772750e+05    6.636449e-05)
            (1.823400e+05    6.584657e-05)
            (1.874050e+05    7.731155e-05)
            (1.924700e+05    7.526654e-05)
            (1.975350e+05    7.825284e-05)
            (2.026000e+05    7.848801e-05)
            (2.076650e+05    9.415886e-05)
            (2.127300e+05    9.050050e-05)
            (2.177950e+05    8.705939e-05)
            (2.228600e+05    9.749614e-05)
            (2.279250e+05    1.263601e-04)
            (2.329900e+05    1.214433e-04)
            (2.380550e+05    1.286631e-04)
            (2.431200e+05    1.235162e-04)
            (2.481850e+05    1.388889e-04)
            (2.532500e+05    1.399626e-04)
        )
    )
    (
        1.5e-05
        (
            (1.013000e+04    1.519223e-05)
            (1.519500e+04    1.521325e-05)
            (2.026000e+04    1.524315e-05)
            (2.532500e+04    1.528246e-05)
            (3.039000e+04    1.533191e-05)
            (3.545500e+04    1.539248e-05)
            (4.052000e+04    1.546553e-05)
            (4.558500e+04    1.555295e-05)
            (5.065000e+04    1.565751e-05)
            (5.571500e+04    1.578364e-05)
            (6.078000e+04    1.593906e-05)
            (6.584500e+04    1.613843e-05)
            (7.091000e+04    1.641003e-05)
            (7.597500e+04    1.680652e-05)
            (8.104000e+04    1.742145e-05)
            (8.610500e+04    1.842274e-05)
            (9.117000e+04    2.003516e-05)
            (9.623500e+04    2.223090e-05)
            (1.013000e+05    2.460718e-05)
            (1.063650e+05    2.717594e-05)
            (1.114300e+05    2.916768e-05)
            (1.164950e+05    3.280218e-05)
            (1.215600e+05    3.486460e-05)
            (1.266250e+05    3.653998e-05)
            (1.316900e+05    3.907661e-05)
            (1.367550e+05    4.455833e-05)
            (1.418200e+05    4.641012e-05)
            (1.468850e+05    4.789228e-05)
            (1.519500e+05    4.967574e-05)
            (1.570150e+05    5.825153e-05)
            (1.620800e+05    5.930909e-05)
            (1.671450e+05    6.149852e-05)
            (1.722100e+05    6.135717e-05)
            (1.772750e+05    7.409253e-05)
            (1.823400e+05    7.347387e-05)
            (1.874050e+05    7.413200e-05)
            (1.924700e+05    7.935952e-05)
            (1.975350e+05    9.294090e-05)
            (2.026000e+05    7.914507e-05)
            (2.076650e+05    8.717011e-05)
            (2.127300e+05    9.047902e-05)
            (2.177950e+05    9.530816e-05)
            (2.228600e+05    1.254677e-04)
            (2.279250e+05    1.201173e-04)
            (2.329900e+05    1.088918e-04)
            (2.380550e+05    1.078648e-04)
            (2.431200e+05    1.374922e-04)
            (2.481850e+05    1.510717e-04)
            (2.532500e+05    2.723454e-04)
        )
    )
    (
        1.6e-05
        (
            (1.013000e+04    1.620589e-05)
            (1.519500e+04    1.622854e-05)
            (2.026000e+04    1.626077e-05)
            (2.532500e+04    1.630316e-05)
            (3.039000e+04    1.635651e-05)
            (3.545500e+04    1.642192e-05)
            (4.052000e+04    1.650092e-05)
            (4.558500e+04    1.659565e-05)
            (5.065000e+04    1.670938e-05)
            (5.571500e+04    1.684741e-05)
            (6.078000e+04    1.701928e-05)
            (6.584500e+04    1.724290e-05)
            (7.091000e+04    1.755189e-05)
            (7.597500e+04    1.800687e-05)
            (8.104000e+04    1.871556e-05)
            (8.610500e+04    1.988363e-05)
            (9.117000e+04    2.161320e-05)
            (9.623500e+04    2.398647e-05)
            (1.013000e+05    2.625233e-05)
            (1.063650e+05    2.957434e-05)
            (1.114300e+05    3.174202e-05)
            (1.164950e+05    3.325277e-05)
            (1.215600e+05    3.598435e-05)
            (1.266250e+05    4.087679e-05)
            (1.316900e+05    4.248944e-05)
            (1.367550e+05    4.389275e-05)
            (1.418200e+05    4.561832e-05)
            (1.468850e+05    5.417198e-05)
            (1.519500e+05    5.574189e-05)
            (1.570150e+05    5.667232e-05)
            (1.620800e+05    6.034488e-05)
            (1.671450e+05    5.910635e-05)
            (1.722100e+05    7.165504e-05)
            (1.772750e+05    6.960893e-05)
            (1.823400e+05    7.548932e-05)
            (1.874050e+05    8.408738e-05)
            (1.924700e+05    9.202595e-05)
            (1.975350e+05    9.191202e-05)
            (2.026000e+05    8.710094e-05)
            (2.076650e+05    8.692707e-05)
            (2.127300e+05    1.148041e-04)
            (2.177950e+05    1.248050e-04)
            (2.228600e+05    1.272044e-04)
            (2.279250e+05    1.218726e-04)
            (2.329900e+05    1.324750e-04)
            (2.380550e+05    1.367910e-04)
            (2.431200e+05    1.366125e-04)
            (2.481850e+05    2.708879e-04)
            (2.532500e+05    2.731770e-04)
        )
    )
    (
        1.7e-05
        (
            (1.013000e+04    1.721957e-05)
            (1.519500e+04    1.724386e-05)
            (2.026000e+04    1.727845e-05)
            (2.532500e+04    1.732395e-05)
            (3.039000e+04    1.738127e-05)
            (3.545500e+04    1.745160e-05)
            (4.052000e+04    1.753667e-05)
            (4.558500e+04    1.763893e-05)
            (5.065000e+04    1.776220e-05)
            (5.571500e+04    1.791288e-05)
            (6.078000e+04    1.810252e-05)
            (6.584500e+04    1.835257e-05)
            (7.091000e+04    1.870215e-05)
            (7.597500e+04    1.921953e-05)
            (8.104000e+04    2.002097e-05)
            (8.610500e+04    2.129657e-05)
            (9.117000e+04    2.336581e-05)
            (9.623500e+04    2.539169e-05)
            (1.013000e+05    2.898740e-05)
            (1.063650e+05    3.056667e-05)
            (1.114300e+05    3.257136e-05)
            (1.164950e+05    3.758262e-05)
            (1.215600e+05    3.897172e-05)
            (1.266250e+05    4.026720e-05)
            (1.316900e+05    4.189340e-05)
            (1.367550e+05    5.006978e-05)
            (1.418200e+05    5.211916e-05)
            (1.468850e+05    5.272833e-05)
            (1.519500e+05    5.605364e-05)
            (1.570150e+05    5.580990e-05)
            (1.620800e+05    6.853956e-05)
            (1.671450e+05    6.763778e-05)
            (1.722100e+05    7.081511e-05)
            (1.772750e+05    7.029962e-05)
            (1.823400e+05    8.939122e-05)
            (1.874050e+05    9.000047e-05)
            (1.924700e+05    7.896815e-05)
            (1.975350e+05    9.023866e-05)
            (2.026000e+05    8.665298e-05)
            (2.076650e+05    1.242413e-04)
            (2.127300e+05    1.243600e-04)
            (2.177950e+05    1.263002e-04)
            (2.228600e+05    1.224509e-04)
            (2.279250e+05    1.007736e-04)
            (2.329900e+05    1.265972e-04)
            (2.380550e+05    1.421504e-04)
            (2.431200e+05    2.695750e-04)
            (2.481850e+05    2.717181e-04)
            (2.532500e+05    2.739135e-04)
        )
    )
    (
        1.8e-05
        (
            (1.013000e+04    1.823327e-05)
            (1.519500e+04    1.825922e-05)
            (2.026000e+04    1.829619e-05)
            (2.532500e+04    1.834486e-05)
            (3.039000e+04    1.840619e-05)
            (3.545500e+04    1.848154e-05)
            (4.052000e+04    1.857282e-05)
            (4.558500e+04    1.868286e-05)
            (5.065000e+04    1.881613e-05)
            (5.571500e+04    1.898031e-05)
            (6.078000e+04    1.918926e-05)
            (6.584500e+04    1.946832e-05)
            (7.091000e+04    1.986261e-05)
            (7.597500e+04    2.045066e-05)
            (8.104000e+04    2.137647e-05)
            (8.610500e+04    2.289421e-05)
            (9.117000e+04    2.467062e-05)
            (9.623500e+04    2.788375e-05)
            (1.013000e+05    2.960893e-05)
            (1.063650e+05    3.275375e-05)
            (1.114300e+05    3.609855e-05)
            (1.164950e+05    3.729384e-05)
            (1.215600e+05    3.861047e-05)
            (1.266250e+05    4.513038e-05)
            (1.316900e+05    4.863441e-05)
            (1.367550e+05    4.938452e-05)
            (1.418200e+05    5.188198e-05)
            (1.468850e+05    5.182107e-05)
            (1.519500e+05    6.502671e-05)
            (1.570150e+05    6.631009e-05)
            (1.620800e+05    6.433260e-05)
            (1.671450e+05    6.612524e-05)
            (1.722100e+05    6.700451e-05)
            (1.772750e+05    7.390637e-05)
            (1.823400e+05    8.894058e-05)
            (1.874050e+05    9.091111e-05)
            (1.924700e+05    8.584368e-05)
            (1.975350e+05    8.342039e-05)
            (2.026000e+05    1.237203e-04)
            (2.076650e+05    1.239414e-04)
            (2.127300e+05    1.229128e-04)
            (2.177950e+05    1.021585e-04)
            (2.228600e+05    1.042757e-04)
            (2.279250e+05    1.361380e-04)
            (2.329900e+05    8.881575e-05)
            (2.380550e+05    1.057643e-04)
            (2.431200e+05    2.702335e-04)
            (2.481850e+05    2.724910e-04)
            (2.532500e+05    2.746121e-04)
        )
    )
    (
        1.9e-05
        (
            (1.013000e+04    1.924698e-05)
            (1.519500e+04    1.927462e-05)
            (2.026000e+04    1.931400e-05)
            (2.532500e+04    1.936587e-05)
            (3.039000e+04    1.943128e-05)
            (3.545500e+04    1.951174e-05)
            (4.052000e+04    1.960940e-05)
            (4.558500e+04    1.972749e-05)
            (5.065000e+04    1.987128e-05)
            (5.571500e+04    2.004990e-05)
            (6.078000e+04    2.027983e-05)
            (6.584500e+04    2.059067e-05)
            (7.091000e+04    2.103391e-05)
            (7.597500e+04    2.169581e-05)
            (8.104000e+04    2.270703e-05)
            (8.610500e+04    2.422021e-05)
            (9.117000e+04    2.682919e-05)
            (9.623500e+04    2.869703e-05)
            (1.013000e+05    3.196533e-05)
            (1.063650e+05    3.483334e-05)
            (1.114300e+05    3.651876e-05)
            (1.164950e+05    3.794460e-05)
            (1.215600e+05    4.542408e-05)
            (1.266250e+05    4.634433e-05)
            (1.316900e+05    4.781406e-05)
            (1.367550e+05    5.062011e-05)
            (1.418200e+05    4.975550e-05)
            (1.468850e+05    6.321996e-05)
            (1.519500e+05    6.313882e-05)
            (1.570150e+05    6.136793e-05)
            (1.620800e+05    6.392112e-05)
            (1.671450e+05    7.564486e-05)
            (1.722100e+05    8.665601e-05)
            (1.772750e+05    8.657062e-05)
            (1.823400e+05    8.366639e-05)
            (1.874050e+05    7.768871e-05)
            (1.924700e+05    9.203151e-05)
            (1.975350e+05    1.229626e-04)
            (2.026000e+05    1.229942e-04)
            (2.076650e+05    1.220298e-04)
            (2.127300e+05    1.027506e-04)
            (2.177950e+05    1.292033e-04)
            (2.228600e+05    1.351144e-04)
            (2.279250e+05    1.313875e-04)
            (2.329900e+05    1.063796e-04)
            (2.380550e+05    2.687294e-04)
            (2.431200e+05    2.710512e-04)
            (2.481850e+05    2.732139e-04)
            (2.532500e+05    2.749333e-04)
        )
    )
    (
        2e-05
        (
            (1.013000e+04    2.026071e-05)
            (1.519500e+04    2.029006e-05)
            (2.026000e+04    2.033188e-05)
            (2.532500e+04    2.038699e-05)
            (3.039000e+04    2.045656e-05)
            (3.545500e+04    2.054225e-05)
            (4.052000e+04    2.064646e-05)
            (4.558500e+04    2.077291e-05)
            (5.065000e+04    2.092774e-05)
            (5.571500e+04    2.112162e-05)
            (6.078000e+04    2.137348e-05)
            (6.584500e+04    2.171645e-05)
            (7.091000e+04    2.220660e-05)
            (7.597500e+04    2.293802e-05)
            (8.104000e+04    2.409154e-05)
            (8.610500e+04    2.607907e-05)
            (9.117000e+04    2.785187e-05)
            (9.623500e+04    3.023964e-05)
            (1.013000e+05    3.380217e-05)
            (1.063650e+05    3.567445e-05)
            (1.114300e+05    4.246986e-05)
            (1.164950e+05    4.363235e-05)
            (1.215600e+05    4.441480e-05)
            (1.266250e+05    4.710456e-05)
            (1.316900e+05    4.734752e-05)
            (1.367550e+05    5.999173e-05)
            (1.418200e+05    6.112698e-05)
            (1.468850e+05    6.131163e-05)
            (1.519500e+05    6.021923e-05)
            (1.570150e+05    6.621438e-05)
            (1.620800e+05    8.173449e-05)
            (1.671450e+05    8.471945e-05)
            (1.722100e+05    8.632232e-05)
            (1.772750e+05    7.701008e-05)
            (1.823400e+05    9.182993e-05)
            (1.874050e+05    8.986188e-05)
            (1.924700e+05    9.542227e-05)
            (1.975350e+05    1.216408e-04)
            (2.026000e+05    1.072688e-04)
            (2.076650e+05    1.282414e-04)
            (2.127300e+05    8.661458e-05)
            (2.177950e+05    1.238897e-04)
            (2.228600e+05    1.164951e-04)
            (2.279250e+05    1.066659e-04)
            (2.329900e+05    2.672537e-04)
            (2.380550e+05    2.695914e-04)
            (2.431200e+05    2.718019e-04)
            (2.481850e+05    2.736373e-04)
            (2.532500e+05    2.759915e-04)
        )
    )
    (
        2.1e-05
        (
            (1.013000e+04    2.127447e-05)
            (1.519500e+04    2.130553e-05)
            (2.026000e+04    2.134983e-05)
            (2.532500e+04    2.140824e-05)
            (3.039000e+04    2.148204e-05)
            (3.545500e+04    2.157306e-05)
            (4.052000e+04    2.168403e-05)
            (4.558500e+04    2.181925e-05)
            (5.065000e+04    2.198593e-05)
            (5.571500e+04    2.219678e-05)
            (6.078000e+04    2.247436e-05)
            (6.584500e+04    2.285805e-05)
            (7.091000e+04    2.341567e-05)
            (7.597500e+04    2.426745e-05)
            (8.104000e+04    2.558743e-05)
            (8.610500e+04    2.718172e-05)
            (9.117000e+04    2.934048e-05)
            (9.623500e+04    3.286153e-05)
            (1.013000e+05    3.475335e-05)
            (1.063650e+05    4.136612e-05)
            (1.114300e+05    4.205541e-05)
            (1.164950e+05    4.325204e-05)
            (1.215600e+05    4.696737e-05)
            (1.266250e+05    4.527698e-05)
            (1.316900e+05    5.831694e-05)
            (1.367550e+05    5.863096e-05)
            (1.418200e+05    5.750387e-05)
            (1.468850e+05    6.419257e-05)
            (1.519500e+05    7.180817e-05)
            (1.570150e+05    8.230752e-05)
            (1.620800e+05    8.283447e-05)
            (1.671450e+05    7.078177e-05)
            (1.722100e+05    8.479551e-05)
            (1.772750e+05    9.065046e-05)
            (1.823400e+05    7.822193e-05)
            (1.874050e+05    9.447680e-05)
            (1.924700e+05    1.207036e-04)
            (1.975350e+05    1.065964e-04)
            (2.026000e+05    9.022568e-05)
            (2.076650e+05    1.170789e-04)
            (2.127300e+05    1.033602e-04)
            (2.177950e+05    1.391840e-04)
            (2.228600e+05    1.377734e-04)
            (2.279250e+05    2.659336e-04)
            (2.329900e+05    2.681107e-04)
            (2.380550e+05    2.703744e-04)
            (2.431200e+05    2.724661e-04)
            (2.481850e+05    2.745948e-04)
            (2.532500e+05    2.781594e-04)
        )
    )
    (
        2.2e-05
        (
            (1.013000e+04    2.228824e-05)
            (1.519500e+04    2.232105e-05)
            (2.026000e+04    2.236786e-05)
            (2.532500e+04    2.242962e-05)
            (3.039000e+04    2.250773e-05)
            (3.545500e+04    2.260422e-05)
            (4.052000e+04    2.272217e-05)
            (4.558500e+04    2.286649e-05)
            (5.065000e+04    2.304555e-05)
            (5.571500e+04    2.327402e-05)
            (6.078000e+04    2.357751e-05)
            (6.584500e+04    2.399942e-05)
            (7.091000e+04    2.460936e-05)
            (7.597500e+04    2.550349e-05)
            (8.104000e+04    2.677318e-05)
            (8.610500e+04    2.877968e-05)
            (9.117000e+04    3.188932e-05)
            (9.623500e+04    3.350613e-05)
            (1.013000e+05    3.524723e-05)
            (1.063650e+05    4.059483e-05)
            (1.114300e+05    4.210572e-05)
            (1.164950e+05    4.390778e-05)
            (1.215600e+05    5.547815e-05)
            (1.266250e+05    5.649038e-05)
            (1.316900e+05    5.503644e-05)
            (1.367550e+05    5.959657e-05)
            (1.418200e+05    6.320228e-05)
            (1.468850e+05    7.080077e-05)
            (1.519500e+05    6.587306e-05)
            (1.570150e+05    8.079732e-05)
            (1.620800e+05    6.382041e-05)
            (1.671450e+05    8.114228e-05)
            (1.722100e+05    8.928342e-05)
            (1.772750e+05    9.507806e-05)
            (1.823400e+05    1.209040e-04)
            (1.874050e+05    1.203782e-04)
            (1.924700e+05    1.247487e-04)
            (1.975350e+05    1.045150e-04)
            (2.026000e+05    1.307920e-04)
            (2.076650e+05    1.324033e-04)
            (2.127300e+05    1.330356e-04)
            (2.177950e+05    1.306512e-04)
            (2.228600e+05    2.637811e-04)
            (2.279250e+05    2.666142e-04)
            (2.329900e+05    2.689316e-04)
            (2.380550e+05    2.710956e-04)
            (2.431200e+05    2.731078e-04)
            (2.481850e+05    2.748721e-04)
            (2.532500e+05    2.771990e-04)
        )
    )
    (
        2.3e-05
        (
            (1.013000e+04    2.330202e-05)
            (1.519500e+04    2.333661e-05)
            (2.026000e+04    2.338597e-05)
            (2.532500e+04    2.345114e-05)
            (3.039000e+04    2.353365e-05)
            (3.545500e+04    2.363575e-05)
            (4.052000e+04    2.376090e-05)
            (4.558500e+04    2.391471e-05)
            (5.065000e+04    2.410666e-05)
            (5.571500e+04    2.435309e-05)
            (6.078000e+04    2.468173e-05)
            (6.584500e+04    2.513801e-05)
            (7.091000e+04    2.579395e-05)
            (7.597500e+04    2.676945e-05)
            (8.104000e+04    2.841849e-05)
            (8.610500e+04    3.091045e-05)
            (9.117000e+04    3.236773e-05)
            (9.623500e+04    3.419726e-05)
            (1.013000e+05    3.994185e-05)
            (1.063650e+05    4.160000e-05)
            (1.114300e+05    4.378454e-05)
            (1.164950e+05    5.409923e-05)
            (1.215600e+05    5.455342e-05)
            (1.266250e+05    5.637587e-05)
            (1.316900e+05    5.584097e-05)
            (1.367550e+05    6.004061e-05)
            (1.418200e+05    7.046907e-05)
            (1.468850e+05    7.008911e-05)
            (1.519500e+05    7.994548e-05)
            (1.570150e+05    8.296943e-05)
            (1.620800e+05    7.477286e-05)
            (1.671450e+05    8.812325e-05)
            (1.722100e+05    7.881382e-05)
            (1.772750e+05    1.128814e-04)
            (1.823400e+05    1.201649e-04)
            (1.874050e+05    9.343300e-05)
            (1.924700e+05    1.262981e-04)
            (1.975350e+05    1.152955e-04)
            (2.026000e+05    1.297138e-04)
            (2.076650e+05    9.754346e-05)
            (2.127300e+05    1.359751e-04)
            (2.177950e+05    1.294104e-04)
            (2.228600e+05    2.651336e-04)
            (2.279250e+05    2.674711e-04)
            (2.329900e+05    2.696906e-04)
            (2.380550e+05    2.725811e-04)
            (2.431200e+05    2.742742e-04)
            (2.481850e+05    2.759461e-04)
            (2.532500e+05    2.777970e-04)
        )
    )
    (
        2.4e-05
        (
            (1.013000e+04    2.431583e-05)
            (1.519500e+04    2.435222e-05)
            (2.026000e+04    2.440416e-05)
            (2.532500e+04    2.447280e-05)
            (3.039000e+04    2.455980e-05)
            (3.545500e+04    2.466768e-05)
            (4.052000e+04    2.480036e-05)
            (4.558500e+04    2.496433e-05)
            (5.065000e+04    2.517069e-05)
            (5.571500e+04    2.543861e-05)
            (6.078000e+04    2.580078e-05)
            (6.584500e+04    2.631243e-05)
            (7.091000e+04    2.707178e-05)
            (7.597500e+04    2.829092e-05)
            (8.104000e+04    3.010539e-05)
            (8.610500e+04    3.159719e-05)
            (9.117000e+04    3.334446e-05)
            (9.623500e+04    3.914507e-05)
            (1.013000e+05    3.956753e-05)
            (1.063650e+05    4.293163e-05)
            (1.114300e+05    5.272535e-05)
            (1.164950e+05    5.323860e-05)
            (1.215600e+05    5.254119e-05)
            (1.266250e+05    5.397674e-05)
            (1.316900e+05    5.883127e-05)
            (1.367550e+05    5.794521e-05)
            (1.418200e+05    7.795880e-05)
            (1.468850e+05    7.651692e-05)
            (1.519500e+05    7.015552e-05)
            (1.570150e+05    8.005735e-05)
            (1.620800e+05    8.646989e-05)
            (1.671450e+05    9.054369e-05)
            (1.722100e+05    1.192508e-04)
            (1.772750e+05    1.192608e-04)
            (1.823400e+05    1.213992e-04)
            (1.874050e+05    7.118055e-05)
            (1.924700e+05    1.188417e-04)
            (1.975350e+05    1.025135e-04)
            (2.026000e+05    1.328953e-04)
            (2.076650e+05    1.115504e-04)
            (2.127300e+05    1.339713e-04)
            (2.177950e+05    2.637773e-04)
            (2.228600e+05    2.659947e-04)
            (2.279250e+05    2.682639e-04)
            (2.329900e+05    2.703021e-04)
            (2.380550e+05    2.725546e-04)
            (2.431200e+05    2.749457e-04)
            (2.481850e+05    2.765064e-04)
            (2.532500e+05    2.787468e-04)
        )
    )
    (
        2.5e-05
        (
            (1.013000e+04    2.532966e-05)
            (1.519500e+04    2.536787e-05)
            (2.026000e+04    2.542244e-05)
            (2.532500e+04    2.549462e-05)
            (3.039000e+04    2.558622e-05)
            (3.545500e+04    2.570005e-05)
            (4.052000e+04    2.584058e-05)
            (4.558500e+04    2.601537e-05)
            (5.065000e+04    2.623751e-05)
            (5.571500e+04    2.652987e-05)
            (6.078000e+04    2.693166e-05)
            (6.584500e+04    2.750902e-05)
            (7.091000e+04    2.836729e-05)
            (7.597500e+04    2.958401e-05)
            (8.104000e+04    3.099465e-05)
            (8.610500e+04    3.268005e-05)
            (9.117000e+04    3.814872e-05)
            (9.623500e+04    3.946564e-05)
            (1.013000e+05    4.314253e-05)
            (1.063650e+05    5.154005e-05)
            (1.114300e+05    5.201522e-05)
            (1.164950e+05    5.294114e-05)
            (1.215600e+05    5.295514e-05)
            (1.266250e+05    5.879275e-05)
            (1.316900e+05    6.985848e-05)
            (1.367550e+05    7.656663e-05)
            (1.418200e+05    7.659743e-05)
            (1.468850e+05    7.083814e-05)
            (1.519500e+05    7.853028e-05)
            (1.570150e+05    8.575873e-05)
            (1.620800e+05    8.665971e-05)
            (1.671450e+05    1.088491e-04)
            (1.722100e+05    1.182470e-04)
            (1.772750e+05    1.028731e-04)
            (1.823400e+05    7.134694e-05)
            (1.874050e+05    1.266313e-04)
            (1.924700e+05    1.048097e-04)
            (1.975350e+05    1.221704e-04)
            (2.026000e+05    1.425383e-04)
            (2.076650e+05    1.360804e-04)
            (2.127300e+05    2.624524e-04)
            (2.177950e+05    2.645159e-04)
            (2.228600e+05    2.668208e-04)
            (2.279250e+05    2.689152e-04)
            (2.329900e+05    1.410054e-04)
            (2.380550e+05    2.731471e-04)
            (2.431200e+05    2.752201e-04)
            (2.481850e+05    2.771858e-04)
            (2.532500e+05    2.792687e-04)
        )
    )
    (
        2.6e-05
        (
            (1.013000e+04    2.634351e-05)
            (1.519500e+04    2.638357e-05)
            (2.026000e+04    2.644082e-05)
            (2.532500e+04    2.651659e-05)
            (3.039000e+04    2.661290e-05)
            (3.545500e+04    2.673284e-05)
            (4.052000e+04    2.688144e-05)
            (4.558500e+04    2.706716e-05)
            (5.065000e+04    2.730452e-05)
            (5.571500e+04    2.761820e-05)
            (6.078000e+04    2.804835e-05)
            (6.584500e+04    2.865448e-05)
            (7.091000e+04    2.950509e-05)
            (7.597500e+04    3.064619e-05)
            (8.104000e+04    3.221830e-05)
            (8.610500e+04    3.671844e-05)
            (9.117000e+04    3.819971e-05)
            (9.623500e+04    3.992078e-05)
            (1.013000e+05    4.162249e-05)
            (1.063650e+05    5.125368e-05)
            (1.114300e+05    5.302882e-05)
            (1.164950e+05    5.479423e-05)
            (1.215600e+05    5.686103e-05)
            (1.266250e+05    7.437729e-05)
            (1.316900e+05    7.509968e-05)
            (1.367550e+05    7.580576e-05)
            (1.418200e+05    6.778844e-05)
            (1.468850e+05    6.975121e-05)
            (1.519500e+05    8.478809e-05)
            (1.570150e+05    8.660382e-05)
            (1.620800e+05    7.922536e-05)
            (1.671450e+05    1.175622e-04)
            (1.722100e+05    1.127355e-04)
            (1.772750e+05    1.145575e-04)
            (1.823400e+05    1.257566e-04)
            (1.874050e+05    1.278008e-04)
            (1.924700e+05    9.684372e-05)
            (1.975350e+05    1.169806e-04)
            (2.026000e+05    9.675929e-05)
            (2.076650e+05    1.235027e-04)
            (2.127300e+05    2.630811e-04)
            (2.177950e+05    2.653649e-04)
            (2.228600e+05    2.675446e-04)
            (2.279250e+05    2.679399e-04)
            (2.329900e+05    2.725620e-04)
            (2.380550e+05    2.739047e-04)
            (2.431200e+05    2.758232e-04)
            (2.481850e+05    2.779522e-04)
            (2.532500e+05    2.796456e-04)
        )
    )
);
