// A characteristic map for 
// Is(REqu, pAc)
// data(
//     equilibrium radius,
//     acoustic pressure amplitude
// )
//
// Loaded via transportProperties.
//
// Table structure:
//  (
//      REqu 1
//      (
//          (pAc 1     Is 1)
//          (pAc 2     Is 2)
//          (...)
//      )
//      REqu 2
//      (...
//      )
//  )
(
    (
        1e-06
        (
            (0.000000e+00    0.000000e+00)
            (1.013000e+04    1.461408e-22)
            (1.519500e+04    2.204006e-22)
            (2.026000e+04    2.961179e-22)
            (2.532500e+04    3.738242e-22)
            (3.039000e+04    4.541352e-22)
            (3.545500e+04    5.376793e-22)
            (4.052000e+04    6.252010e-22)
            (4.558500e+04    7.174914e-22)
            (5.065000e+04    8.156341e-22)
            (5.571500e+04    9.207416e-22)
            (6.078000e+04    1.034234e-21)
            (6.584500e+04    1.157842e-21)
            (7.091000e+04    1.293827e-21)
            (7.597500e+04    1.444716e-21)
            (8.104000e+04    1.614072e-21)
            (8.610500e+04    1.806581e-21)
            (9.117000e+04    2.028176e-21)
            (9.623500e+04    2.287807e-21)
            (1.013000e+05    2.597838e-21)
            (1.063650e+05    2.976510e-21)
            (1.114300e+05    3.451769e-21)
            (1.164950e+05    4.072528e-21)
            (1.215600e+05    4.924145e-21)
            (1.266250e+05    6.187482e-21)
            (1.316900e+05    8.320853e-21)
            (1.367550e+05    1.321116e-20)
            (1.418200e+05    3.349263e-16)
            (1.468850e+05    2.535201e-14)
            (1.519500e+05    7.147597e-14)
            (1.570150e+05    1.385267e-13)
            (1.620800e+05    2.270347e-13)
            (1.671450e+05    3.373193e-13)
            (1.722100e+05    4.694547e-13)
            (1.772750e+05    6.232992e-13)
            (1.823400e+05    7.985339e-13)
            (1.874050e+05    9.946983e-13)
            (1.924700e+05    1.211222e-12)
            (1.975350e+05    1.447451e-12)
            (2.026000e+05    1.702669e-12)
            (2.076650e+05    1.976113e-12)
            (2.127300e+05    2.266994e-12)
            (2.177950e+05    2.574503e-12)
            (2.228600e+05    2.897824e-12)
            (2.279250e+05    3.236139e-12)
            (2.329900e+05    3.588636e-12)
            (2.380550e+05    3.954512e-12)
            (2.431200e+05    4.332976e-12)
            (2.481850e+05    4.723254e-12)
            (2.532500e+05    5.124587e-12)
        )
    )
    (
        2e-06
        (
            (0.000000e+00    0.000000e+00)
            (1.013000e+04    2.740112e-21)
            (1.519500e+04    4.143266e-21)
            (2.026000e+04    5.586768e-21)
            (2.532500e+04    7.087536e-21)
            (3.039000e+04    8.662618e-21)
            (3.545500e+04    1.033324e-20)
            (4.052000e+04    1.212450e-20)
            (4.558500e+04    1.406960e-20)
            (5.065000e+04    1.620098e-20)
            (5.571500e+04    1.857859e-20)
            (6.078000e+04    2.126062e-20)
            (6.584500e+04    2.434106e-20)
            (7.091000e+04    2.794281e-20)
            (7.597500e+04    3.225238e-20)
            (8.104000e+04    3.754188e-20)
            (8.610500e+04    4.425676e-20)
            (9.117000e+04    5.314460e-20)
            (9.623500e+04    6.566188e-20)
            (1.013000e+05    8.496709e-20)
            (1.063650e+05    1.202428e-19)
            (1.114300e+05    2.560229e-19)
            (1.164950e+05    1.028888e-17)
            (1.215600e+05    1.076588e-15)
            (1.266250e+05    8.311363e-15)
            (1.316900e+05    2.619175e-14)
            (1.367550e+05    5.784801e-14)
            (1.418200e+05    1.056661e-13)
            (1.468850e+05    1.714227e-13)
            (1.519500e+05    2.563799e-13)
            (1.570150e+05    3.613683e-13)
            (1.620800e+05    4.868608e-13)
            (1.671450e+05    6.330380e-13)
            (1.722100e+05    7.998433e-13)
            (1.772750e+05    9.870306e-13)
            (1.823400e+05    1.194203e-12)
            (1.874050e+05    1.420846e-12)
            (1.924700e+05    1.666356e-12)
            (1.975350e+05    1.930057e-12)
            (2.026000e+05    2.211225e-12)
            (2.076650e+05    2.509101e-12)
            (2.127300e+05    2.822899e-12)
            (2.177950e+05    3.151821e-12)
            (2.228600e+05    3.495061e-12)
            (2.279250e+05    3.851815e-12)
            (2.329900e+05    4.221280e-12)
            (2.380550e+05    4.602662e-12)
            (2.431200e+05    4.995176e-12)
            (2.481850e+05    5.398046e-12)
            (2.532500e+05    5.810507e-12)
        )
    )
    (
        3e-06
        (
            (0.000000e+00    0.000000e+00)
            (1.013000e+04    1.539500e-20)
            (1.519500e+04    2.329799e-20)
            (2.026000e+04    3.145200e-20)
            (2.532500e+04    3.996630e-20)
            (3.039000e+04    4.895034e-20)
            (3.545500e+04    5.854984e-20)
            (4.052000e+04    6.893410e-20)
            (4.558500e+04    8.032433e-20)
            (5.065000e+04    9.299764e-20)
            (5.571500e+04    1.073430e-19)
            (6.078000e+04    1.238786e-19)
            (6.584500e+04    1.433440e-19)
            (7.091000e+04    1.668612e-19)
            (7.597500e+04    1.962327e-19)
            (8.104000e+04    2.344715e-19)
            (8.610500e+04    2.871672e-19)
            (9.117000e+04    3.665137e-19)
            (9.623500e+04    5.143657e-19)
            (1.013000e+05    1.261456e-18)
            (1.063650e+05    1.617987e-17)
            (1.114300e+05    2.936760e-16)
            (1.164950e+05    2.519267e-15)
            (1.215600e+05    1.041092e-14)
            (1.266250e+05    2.780274e-14)
            (1.316900e+05    5.786996e-14)
            (1.367550e+05    1.031621e-13)
            (1.418200e+05    1.656441e-13)
            (1.468850e+05    2.467600e-13)
            (1.519500e+05    3.475033e-13)
            (1.570150e+05    4.684869e-13)
            (1.620800e+05    6.100075e-13)
            (1.671450e+05    7.721028e-13)
            (1.722100e+05    9.546013e-13)
            (1.772750e+05    1.157164e-12)
            (1.823400e+05    1.379319e-12)
            (1.874050e+05    1.620492e-12)
            (1.924700e+05    1.880029e-12)
            (1.975350e+05    2.157217e-12)
            (2.026000e+05    2.451298e-12)
            (2.076650e+05    2.761485e-12)
            (2.127300e+05    3.086972e-12)
            (2.177950e+05    3.426936e-12)
            (2.228600e+05    3.780557e-12)
            (2.279250e+05    4.147035e-12)
            (2.329900e+05    4.525473e-12)
            (2.380550e+05    4.915002e-12)
            (2.431200e+05    5.315304e-12)
            (2.481850e+05    5.725954e-12)
            (2.532500e+05    6.144538e-12)
        )
    )
    (
        4e-06
        (
            (0.000000e+00    0.000000e+00)
            (1.013000e+04    5.384229e-20)
            (1.519500e+04    8.150225e-20)
            (2.026000e+04    1.100814e-19)
            (2.532500e+04    1.399444e-19)
            (3.039000e+04    1.715305e-19)
            (3.545500e+04    2.053620e-19)
            (4.052000e+04    2.420827e-19)
            (4.558500e+04    2.825360e-19)
            (5.065000e+04    3.278292e-19)
            (5.571500e+04    3.794696e-19)
            (6.078000e+04    4.396000e-19)
            (6.584500e+04    5.114948e-19)
            (7.091000e+04    6.002236e-19)
            (7.597500e+04    7.143590e-19)
            (8.104000e+04    8.700717e-19)
            (8.610500e+04    1.108168e-18)
            (9.117000e+04    1.663922e-18)
            (9.623500e+04    5.465359e-18)
            (1.013000e+05    4.706793e-17)
            (1.063650e+05    3.937896e-16)
            (1.114300e+05    2.259430e-15)
            (1.164950e+05    8.225088e-15)
            (1.215600e+05    2.201739e-14)
            (1.266250e+05    4.696624e-14)
            (1.316900e+05    8.587811e-14)
            (1.367550e+05    1.410001e-13)
            (1.418200e+05    2.140439e-13)
            (1.468850e+05    3.062409e-13)
            (1.519500e+05    4.184061e-13)
            (1.570150e+05    5.510037e-13)
            (1.620800e+05    7.042067e-13)
            (1.671450e+05    8.779500e-13)
            (1.722100e+05    1.071977e-12)
            (1.772750e+05    1.285877e-12)
            (1.823400e+05    1.519120e-12)
            (1.874050e+05    1.771083e-12)
            (1.924700e+05    2.041070e-12)
            (1.975350e+05    2.328333e-12)
            (2.026000e+05    2.632086e-12)
            (2.076650e+05    2.951516e-12)
            (2.127300e+05    3.285793e-12)
            (2.177950e+05    3.634081e-12)
            (2.228600e+05    3.995570e-12)
            (2.279250e+05    4.369568e-12)
            (2.329900e+05    4.755730e-12)
            (2.380550e+05    5.154387e-12)
            (2.431200e+05    5.566418e-12)
            (2.481850e+05    5.990919e-12)
            (2.532500e+05    6.411673e-12)
        )
    )
    (
        5e-06
        (
            (0.000000e+00    0.000000e+00)
            (1.013000e+04    1.452918e-19)
            (1.519500e+04    2.199372e-19)
            (2.026000e+04    2.970890e-19)
            (2.532500e+04    3.777443e-19)
            (3.039000e+04    4.631175e-19)
            (3.545500e+04    5.546305e-19)
            (4.052000e+04    6.541225e-19)
            (4.558500e+04    7.639610e-19)
            (5.065000e+04    8.872563e-19)
            (5.571500e+04    1.028514e-18)
            (6.078000e+04    1.194246e-18)
            (6.584500e+04    1.394396e-18)
            (7.091000e+04    1.645403e-18)
            (7.597500e+04    1.978316e-18)
            (8.104000e+04    2.479355e-18)
            (8.610500e+04    3.661515e-18)
            (9.117000e+04    1.013836e-17)
            (9.623500e+04    5.847390e-17)
            (1.013000e+05    3.431825e-16)
            (1.063650e+05    1.730734e-15)
            (1.114300e+05    5.857071e-15)
            (1.164950e+05    1.572952e-14)
            (1.215600e+05    3.493070e-14)
            (1.266250e+05    6.652489e-14)
            (1.316900e+05    1.130721e-13)
            (1.367550e+05    1.766000e-13)
            (1.418200e+05    2.586294e-13)
            (1.468850e+05    3.602271e-13)
            (1.519500e+05    4.820687e-13)
            (1.570150e+05    6.244991e-13)
            (1.620800e+05    7.875902e-13)
            (1.671450e+05    9.711948e-13)
            (1.722100e+05    1.174989e-12)
            (1.772750e+05    1.398502e-12)
            (1.823400e+05    1.641135e-12)
            (1.874050e+05    1.902202e-12)
            (1.924700e+05    2.180985e-12)
            (1.975350e+05    2.476815e-12)
            (2.026000e+05    2.789089e-12)
            (2.076650e+05    3.116912e-12)
            (2.127300e+05    3.458200e-12)
            (2.177950e+05    3.810129e-12)
            (2.228600e+05    4.176136e-12)
            (2.279250e+05    4.566363e-12)
            (2.329900e+05    4.973575e-12)
            (2.380550e+05    5.327828e-12)
            (2.431200e+05    5.736540e-12)
            (2.481850e+05    6.242777e-12)
            (2.532500e+05    6.756838e-12)
        )
    )
    (
        6e-06
        (
            (0.000000e+00    0.000000e+00)
            (1.013000e+04    3.319348e-19)
            (1.519500e+04    5.024799e-19)
            (2.026000e+04    6.787579e-19)
            (2.532500e+04    8.630766e-19)
            (3.039000e+04    1.058228e-18)
            (3.545500e+04    1.267522e-18)
            (4.052000e+04    1.495210e-18)
            (4.558500e+04    1.746883e-18)
            (5.065000e+04    2.030131e-18)
            (5.571500e+04    2.355827e-18)
            (6.078000e+04    2.740062e-18)
            (6.584500e+04    3.208569e-18)
            (7.091000e+04    3.808863e-18)
            (7.597500e+04    4.670105e-18)
            (8.104000e+04    6.453173e-18)
            (8.610500e+04    1.377348e-17)
            (9.117000e+04    5.594844e-17)
            (9.623500e+04    2.700817e-16)
            (1.013000e+05    1.187751e-15)
            (1.063650e+05    4.144307e-15)
            (1.114300e+05    1.090829e-14)
            (1.164950e+05    2.476789e-14)
            (1.215600e+05    4.917512e-14)
            (1.266250e+05    8.699809e-14)
            (1.316900e+05    1.405984e-13)
            (1.367550e+05    2.118255e-13)
            (1.418200e+05    3.020367e-13)
            (1.468850e+05    4.121598e-13)
            (1.519500e+05    5.427657e-13)
            (1.570150e+05    6.940592e-13)
            (1.620800e+05    8.660691e-13)
            (1.671450e+05    1.058610e-12)
            (1.722100e+05    1.271065e-12)
            (1.772750e+05    1.503232e-12)
            (1.823400e+05    1.754667e-12)
            (1.874050e+05    2.023348e-12)
            (1.924700e+05    2.309695e-12)
            (1.975350e+05    2.615754e-12)
            (2.026000e+05    2.933183e-12)
            (2.076650e+05    3.261307e-12)
            (2.127300e+05    3.623812e-12)
            (2.177950e+05    3.981949e-12)
            (2.228600e+05    4.327001e-12)
            (2.279250e+05    4.777102e-12)
            (2.329900e+05    5.068226e-12)
            (2.380550e+05    5.540830e-12)
            (2.431200e+05    6.136746e-12)
            (2.481850e+05    6.349280e-12)
            (2.532500e+05    7.043623e-12)
        )
    )
    (
        7e-06
        (
            (0.000000e+00    0.000000e+00)
            (1.013000e+04    6.745482e-19)
            (1.519500e+04    1.021129e-18)
            (2.026000e+04    1.379354e-18)
            (2.532500e+04    1.754015e-18)
            (3.039000e+04    2.150724e-18)
            (3.545500e+04    2.576387e-18)
            (4.052000e+04    3.039763e-18)
            (4.558500e+04    3.552697e-18)
            (5.065000e+04    4.131212e-18)
            (5.571500e+04    4.798738e-18)
            (6.078000e+04    5.591120e-18)
            (6.584500e+04    6.571795e-18)
            (7.091000e+04    7.896814e-18)
            (7.597500e+04    1.022784e-17)
            (8.104000e+04    1.735325e-17)
            (8.610500e+04    5.008653e-17)
            (9.117000e+04    2.003341e-16)
            (9.623500e+04    7.736828e-16)
            (1.013000e+05    2.775111e-15)
            (1.063650e+05    7.664938e-15)
            (1.114300e+05    1.735807e-14)
            (1.164950e+05    3.529806e-14)
            (1.215600e+05    6.483105e-14)
            (1.266250e+05    1.086738e-13)
            (1.316900e+05    1.689974e-13)
            (1.367550e+05    2.475228e-13)
            (1.418200e+05    3.454287e-13)
            (1.468850e+05    4.635484e-13)
            (1.519500e+05    6.023767e-13)
            (1.570150e+05    7.618141e-13)
            (1.620800e+05    9.424786e-13)
            (1.671450e+05    1.142515e-12)
            (1.722100e+05    1.364366e-12)
            (1.772750e+05    1.603076e-12)
            (1.823400e+05    1.862785e-12)
            (1.874050e+05    2.141502e-12)
            (1.924700e+05    2.428259e-12)
            (1.975350e+05    2.754599e-12)
            (2.026000e+05    3.054587e-12)
            (2.076650e+05    3.422402e-12)
            (2.127300e+05    3.758977e-12)
            (2.177950e+05    4.125931e-12)
            (2.228600e+05    4.607341e-12)
            (2.279250e+05    4.871883e-12)
            (2.329900e+05    5.497789e-12)
            (2.380550e+05    5.705997e-12)
            (2.431200e+05    6.471822e-12)
            (2.481850e+05    6.675719e-12)
            (2.532500e+05    7.725356e-12)
        )
    )
    (
        8e-06
        (
            (0.000000e+00    0.000000e+00)
            (1.013000e+04    1.256098e-18)
            (1.519500e+04    1.901519e-18)
            (2.026000e+04    2.568698e-18)
            (2.532500e+04    3.266596e-18)
            (3.039000e+04    4.005744e-18)
            (3.545500e+04    4.799229e-18)
            (4.052000e+04    5.663870e-18)
            (4.558500e+04    6.622370e-18)
            (5.065000e+04    7.706142e-18)
            (5.571500e+04    8.961950e-18)
            (6.078000e+04    1.046749e-17)
            (6.584500e+04    1.239219e-17)
            (7.091000e+04    1.532363e-17)
            (7.597500e+04    2.208953e-17)
            (8.104000e+04    4.658681e-17)
            (8.610500e+04    1.475392e-16)
            (9.117000e+04    5.195900e-16)
            (9.623500e+04    1.737271e-15)
            (1.013000e+05    5.197024e-15)
            (1.063650e+05    1.233060e-14)
            (1.114300e+05    2.520532e-14)
            (1.164950e+05    4.731684e-14)
            (1.215600e+05    8.198445e-14)
            (1.266250e+05    1.316752e-13)
            (1.316900e+05    1.986284e-13)
            (1.367550e+05    2.840050e-13)
            (1.418200e+05    3.895949e-13)
            (1.468850e+05    5.148655e-13)
            (1.519500e+05    6.622545e-13)
            (1.570150e+05    8.283786e-13)
            (1.620800e+05    1.018685e-12)
            (1.671450e+05    1.223843e-12)
            (1.722100e+05    1.457709e-12)
            (1.772750e+05    1.696813e-12)
            (1.823400e+05    1.977123e-12)
            (1.874050e+05    2.239611e-12)
            (1.924700e+05    2.575851e-12)
            (1.975350e+05    2.842959e-12)
            (2.026000e+05    3.255063e-12)
            (2.076650e+05    3.503388e-12)
            (2.127300e+05    4.019321e-12)
            (2.177950e+05    4.242340e-12)
            (2.228600e+05    4.874215e-12)
            (2.279250e+05    4.995481e-12)
            (2.329900e+05    5.202941e-12)
            (2.380550e+05    5.431503e-12)
            (2.431200e+05    6.039103e-12)
            (2.481850e+05    7.408338e-12)
            (2.532500e+05    7.265494e-12)
        )
    )
    (
        9e-06
        (
            (0.000000e+00    0.000000e+00)
            (1.013000e+04    2.185410e-18)
            (1.519500e+04    3.308470e-18)
            (2.026000e+04    4.469549e-18)
            (2.532500e+04    5.684435e-18)
            (3.039000e+04    6.971617e-18)
            (3.545500e+04    8.354382e-18)
            (4.052000e+04    9.863108e-18)
            (4.558500e+04    1.153850e-17)
            (5.065000e+04    1.343858e-17)
            (5.571500e+04    1.565482e-17)
            (6.078000e+04    1.836273e-17)
            (6.584500e+04    2.206130e-17)
            (7.091000e+04    2.877170e-17)
            (7.597500e+04    4.748530e-17)
            (8.104000e+04    1.146632e-16)
            (8.610500e+04    3.533773e-16)
            (9.117000e+04    1.102048e-15)
            (9.623500e+04    3.323308e-15)
            (1.013000e+05    8.525350e-15)
            (1.063650e+05    1.817192e-14)
            (1.114300e+05    3.446449e-14)
            (1.164950e+05    6.081303e-14)
            (1.215600e+05    1.007165e-13)
            (1.266250e+05    1.560572e-13)
            (1.316900e+05    2.296154e-13)
            (1.367550e+05    3.217670e-13)
            (1.418200e+05    4.340772e-13)
            (1.468850e+05    5.682663e-13)
            (1.519500e+05    7.195089e-13)
            (1.570150e+05    9.000021e-13)
            (1.620800e+05    1.086965e-12)
            (1.671450e+05    1.315399e-12)
            (1.722100e+05    1.537922e-12)
            (1.772750e+05    1.803415e-12)
            (1.823400e+05    2.076211e-12)
            (1.874050e+05    2.335133e-12)
            (1.924700e+05    2.707481e-12)
            (1.975350e+05    2.922282e-12)
            (2.026000e+05    3.438633e-12)
            (2.076650e+05    3.639995e-12)
            (2.127300e+05    4.257708e-12)
            (2.177950e+05    4.498175e-12)
            (2.228600e+05    4.620873e-12)
            (2.279250e+05    5.536234e-12)
            (2.329900e+05    5.614398e-12)
            (2.380550e+05    6.915593e-12)
            (2.431200e+05    6.370567e-12)
            (2.481850e+05    6.322992e-12)
            (2.532500e+05    9.469746e-12)
        )
    )
    (
        1e-05
        (
            (0.000000e+00    0.000000e+00)
            (1.013000e+04    3.600814e-18)
            (1.519500e+04    5.451519e-18)
            (2.026000e+04    7.365360e-18)
            (2.532500e+04    9.368549e-18)
            (3.039000e+04    1.149220e-17)
            (3.545500e+04    1.377581e-17)
            (4.052000e+04    1.627074e-17)
            (4.558500e+04    1.904769e-17)
            (5.065000e+04    2.221107e-17)
            (5.571500e+04    2.594196e-17)
            (6.078000e+04    3.066447e-17)
            (6.584500e+04    3.781080e-17)
            (7.091000e+04    5.312198e-17)
            (7.597500e+04    9.889722e-17)
            (8.104000e+04    2.508982e-16)
            (8.610500e+04    7.232595e-16)
            (9.117000e+04    2.054008e-15)
            (9.623500e+04    5.594518e-15)
            (1.013000e+05    1.279782e-14)
            (1.063650e+05    2.523396e-14)
            (1.114300e+05    4.509157e-14)
            (1.164950e+05    7.603563e-14)
            (1.215600e+05    1.204325e-13)
            (1.266250e+05    1.827763e-13)
            (1.316900e+05    2.613251e-13)
            (1.367550e+05    3.603184e-13)
            (1.418200e+05    4.825483e-13)
            (1.468850e+05    6.160001e-13)
            (1.519500e+05    7.876689e-13)
            (1.570150e+05    9.622756e-13)
            (1.620800e+05    1.159121e-12)
            (1.671450e+05    1.409118e-12)
            (1.722100e+05    1.606059e-12)
            (1.772750e+05    1.931808e-12)
            (1.823400e+05    2.180903e-12)
            (1.874050e+05    2.392093e-12)
            (1.924700e+05    2.884470e-12)
            (1.975350e+05    3.068160e-12)
            (2.026000e+05    3.526774e-12)
            (2.076650e+05    3.866276e-12)
            (2.127300e+05    4.007822e-12)
            (2.177950e+05    4.982113e-12)
            (2.228600e+05    5.189537e-12)
            (2.279250e+05    5.405642e-12)
            (2.329900e+05    6.568984e-12)
            (2.380550e+05    6.032009e-12)
            (2.431200e+05    6.763701e-12)
            (2.481850e+05    9.235997e-12)
            (2.532500e+05    9.391249e-12)
        )
    )
    (
        1.1e-05
        (
            (0.000000e+00    0.000000e+00)
            (1.013000e+04    5.673618e-18)
            (1.519500e+04    8.590352e-18)
            (2.026000e+04    1.160757e-17)
            (2.532500e+04    1.476700e-17)
            (3.039000e+04    1.811903e-17)
            (3.545500e+04    2.172781e-17)
            (4.052000e+04    2.567728e-17)
            (4.558500e+04    3.008670e-17)
            (5.065000e+04    3.514342e-17)
            (5.571500e+04    4.122020e-17)
            (6.078000e+04    4.935299e-17)
            (6.584500e+04    6.321553e-17)
            (7.091000e+04    9.636659e-17)
            (7.597500e+04    1.946696e-16)
            (8.104000e+04    4.920758e-16)
            (8.610500e+04    1.322037e-15)
            (9.117000e+04    3.491350e-15)
            (9.623500e+04    8.608330e-15)
            (1.013000e+05    1.814386e-14)
            (1.063650e+05    3.336089e-14)
            (1.114300e+05    5.746472e-14)
            (1.164950e+05    9.175632e-14)
            (1.215600e+05    1.429836e-13)
            (1.266250e+05    2.107129e-13)
            (1.316900e+05    2.921722e-13)
            (1.367550e+05    4.050712e-13)
            (1.418200e+05    5.280921e-13)
            (1.468850e+05    6.641783e-13)
            (1.519500e+05    8.603295e-13)
            (1.570150e+05    1.026631e-12)
            (1.620800e+05    1.217274e-12)
            (1.671450e+05    1.518720e-12)
            (1.722100e+05    1.697360e-12)
            (1.772750e+05    1.934503e-12)
            (1.823400e+05    2.363913e-12)
            (1.874050e+05    2.530776e-12)
            (1.924700e+05    2.723432e-12)
            (1.975350e+05    3.360618e-12)
            (2.026000e+05    3.560113e-12)
            (2.076650e+05    3.658858e-12)
            (2.127300e+05    4.633713e-12)
            (2.177950e+05    4.372330e-12)
            (2.228600e+05    6.109140e-12)
            (2.279250e+05    5.470026e-12)
            (2.329900e+05    6.133737e-12)
            (2.380550e+05    6.555035e-12)
            (2.431200e+05    9.176471e-12)
            (2.481850e+05    9.258715e-12)
            (2.532500e+05    9.626681e-12)
        )
    )
    (
        1.2e-05
        (
            (0.000000e+00    0.000000e+00)
            (1.013000e+04    8.611864e-18)
            (1.519500e+04    1.304038e-17)
            (2.026000e+04    1.762325e-17)
            (2.532500e+04    2.242488e-17)
            (3.039000e+04    2.752399e-17)
            (3.545500e+04    3.302090e-17)
            (4.052000e+04    3.905060e-17)
            (4.558500e+04    4.581035e-17)
            (5.065000e+04    5.364296e-17)
            (5.571500e+04    6.333333e-17)
            (6.078000e+04    7.728064e-17)
            (6.584500e+04    1.037484e-16)
            (7.091000e+04    1.702689e-16)
            (7.597500e+04    3.589410e-16)
            (8.104000e+04    8.816459e-16)
            (8.610500e+04    2.224852e-15)
            (9.117000e+04    5.522196e-15)
            (9.623500e+04    1.238710e-14)
            (1.013000e+05    2.450786e-14)
            (1.063650e+05    4.295659e-14)
            (1.114300e+05    7.089905e-14)
            (1.164950e+05    1.085185e-13)
            (1.215600e+05    1.680374e-13)
            (1.266250e+05    2.403845e-13)
            (1.316900e+05    3.228084e-13)
            (1.367550e+05    4.502667e-13)
            (1.418200e+05    5.832648e-13)
            (1.468850e+05    7.069711e-13)
            (1.519500e+05    9.250867e-13)
            (1.570150e+05    1.127169e-12)
            (1.620800e+05    1.271322e-12)
            (1.671450e+05    1.578496e-12)
            (1.722100e+05    1.883964e-12)
            (1.772750e+05    2.033779e-12)
            (1.823400e+05    2.200693e-12)
            (1.874050e+05    2.861740e-12)
            (1.924700e+05    2.932229e-12)
            (1.975350e+05    3.200762e-12)
            (2.026000e+05    4.117364e-12)
            (2.076650e+05    3.588752e-12)
            (2.127300e+05    4.518365e-12)
            (2.177950e+05    5.849112e-12)
            (2.228600e+05    5.305076e-12)
            (2.279250e+05    5.107777e-12)
            (2.329900e+05    6.433618e-12)
            (2.380550e+05    9.018744e-12)
            (2.431200e+05    9.248543e-12)
            (2.481850e+05    6.631732e-12)
            (2.532500e+05    8.338324e-12)
        )
    )
    (
        1.3e-05
        (
            (0.000000e+00    0.000000e+00)
            (1.013000e+04    1.266337e-17)
            (1.519500e+04    1.917747e-17)
            (2.026000e+04    2.592168e-17)
            (2.532500e+04    3.299294e-17)
            (3.039000e+04    4.051042e-17)
            (3.545500e+04    4.862788e-17)
            (4.052000e+04    5.755650e-17)
            (4.558500e+04    6.762692e-17)
            (5.065000e+04    7.947322e-17)
            (5.571500e+04    9.472735e-17)
            (6.078000e+04    1.184941e-16)
            (6.584500e+04    1.672540e-16)
            (7.091000e+04    2.905925e-16)
            (7.597500e+04    6.209485e-16)
            (8.104000e+04    1.468569e-15)
            (8.610500e+04    3.510951e-15)
            (9.117000e+04    8.237124e-15)
            (9.623500e+04    1.695290e-14)
            (1.013000e+05    3.204355e-14)
            (1.063650e+05    5.312470e-14)
            (1.114300e+05    8.699882e-14)
            (1.164950e+05    1.258571e-13)
            (1.215600e+05    1.903587e-13)
            (1.266250e+05    2.788348e-13)
            (1.316900e+05    3.598519e-13)
            (1.367550e+05    4.676854e-13)
            (1.418200e+05    6.594255e-13)
            (1.468850e+05    7.900637e-13)
            (1.519500e+05    9.120023e-13)
            (1.570150e+05    1.239275e-12)
            (1.620800e+05    1.452650e-12)
            (1.671450e+05    1.584521e-12)
            (1.722100e+05    1.730250e-12)
            (1.772750e+05    2.370605e-12)
            (1.823400e+05    2.431421e-12)
            (1.874050e+05    2.584203e-12)
            (1.924700e+05    3.592008e-12)
            (1.975350e+05    3.587783e-12)
            (2.026000e+05    3.683046e-12)
            (2.076650e+05    4.080548e-12)
            (2.127300e+05    5.496588e-12)
            (2.177950e+05    4.615135e-12)
            (2.228600e+05    6.015162e-12)
            (2.279250e+05    6.504287e-12)
            (2.329900e+05    8.810392e-12)
            (2.380550e+05    8.497170e-12)
            (2.431200e+05    9.263167e-12)
            (2.481850e+05    8.592402e-12)
            (2.532500e+05    7.427633e-12)
        )
    )
    (
        1.4e-05
        (
            (0.000000e+00    0.000000e+00)
            (1.013000e+04    1.811898e-17)
            (1.519500e+04    2.744328e-17)
            (2.026000e+04    3.710180e-17)
            (2.532500e+04    4.723711e-17)
            (3.039000e+04    5.802592e-17)
            (3.545500e+04    6.969820e-17)
            (4.052000e+04    8.258533e-17)
            (4.558500e+04    9.723787e-17)
            (5.065000e+04    1.148414e-16)
            (5.571500e+04    1.386428e-16)
            (6.078000e+04    1.785633e-16)
            (6.584500e+04    2.643116e-16)
            (7.091000e+04    4.771885e-16)
            (7.597500e+04    1.014803e-15)
            (8.104000e+04    2.306757e-15)
            (8.610500e+04    5.248827e-15)
            (9.117000e+04    1.163565e-14)
            (9.623500e+04    2.239388e-14)
            (1.013000e+05    4.128277e-14)
            (1.063650e+05    6.266438e-14)
            (1.114300e+05    1.063848e-13)
            (1.164950e+05    1.520103e-13)
            (1.215600e+05    2.036573e-13)
            (1.266250e+05    3.047224e-13)
            (1.316900e+05    4.297126e-13)
            (1.367550e+05    5.187329e-13)
            (1.418200e+05    6.224589e-13)
            (1.468850e+05    9.168080e-13)
            (1.519500e+05    1.077351e-12)
            (1.570150e+05    1.190139e-12)
            (1.620800e+05    1.315027e-12)
            (1.671450e+05    1.912756e-12)
            (1.722100e+05    2.010502e-12)
            (1.772750e+05    2.272747e-12)
            (1.823400e+05    2.287142e-12)
            (1.874050e+05    3.277796e-12)
            (1.924700e+05    3.146854e-12)
            (1.975350e+05    3.474825e-12)
            (2.026000e+05    3.494962e-12)
            (2.076650e+05    5.043674e-12)
            (2.127300e+05    4.803364e-12)
            (2.177950e+05    4.290659e-12)
            (2.228600e+05    5.402352e-12)
            (2.279250e+05    8.636219e-12)
            (2.329900e+05    8.105114e-12)
            (2.380550e+05    9.018906e-12)
            (2.431200e+05    8.373315e-12)
            (2.481850e+05    9.864391e-12)
            (2.532500e+05    9.932196e-12)
        )
    )
    (
        1.5e-05
        (
            (0.000000e+00    0.000000e+00)
            (1.013000e+04    2.531512e-17)
            (1.519500e+04    3.834875e-17)
            (2.026000e+04    5.185715e-17)
            (2.532500e+04    6.604651e-17)
            (3.039000e+04    8.117219e-17)
            (3.545500e+04    9.757627e-17)
            (4.052000e+04    1.157720e-16)
            (4.558500e+04    1.366935e-16)
            (5.065000e+04    1.625195e-16)
            (5.571500e+04    1.993527e-16)
            (6.078000e+04    2.650402e-16)
            (6.584500e+04    4.091033e-16)
            (7.091000e+04    7.561023e-16)
            (7.597500e+04    1.586139e-15)
            (8.104000e+04    3.475704e-15)
            (8.610500e+04    7.554275e-15)
            (9.117000e+04    1.548056e-14)
            (9.623500e+04    2.956747e-14)
            (1.013000e+05    4.813502e-14)
            (1.063650e+05    7.960453e-14)
            (1.114300e+05    1.089245e-13)
            (1.164950e+05    1.871088e-13)
            (1.215600e+05    2.557308e-13)
            (1.266250e+05    3.151665e-13)
            (1.316900e+05    4.013629e-13)
            (1.367550e+05    6.408838e-13)
            (1.418200e+05    7.626398e-13)
            (1.468850e+05    8.554479e-13)
            (1.519500e+05    9.590740e-13)
            (1.570150e+05    1.494413e-12)
            (1.620800e+05    1.612933e-12)
            (1.671450e+05    1.766944e-12)
            (1.722100e+05    1.827790e-12)
            (1.772750e+05    2.822983e-12)
            (1.823400e+05    2.806177e-12)
            (1.874050e+05    2.912264e-12)
            (1.924700e+05    3.358396e-12)
            (1.975350e+05    4.688702e-12)
            (2.026000e+05    3.456025e-12)
            (2.076650e+05    4.107485e-12)
            (2.127300e+05    4.581798e-12)
            (2.177950e+05    5.028476e-12)
            (2.228600e+05    8.393711e-12)
            (2.279250e+05    7.823459e-12)
            (2.329900e+05    6.425314e-12)
            (2.380550e+05    6.357873e-12)
            (2.431200e+05    9.533381e-12)
            (2.481850e+05    1.084610e-11)
            (2.532500e+05    2.119362e-11)
        )
    )
    (
        1.6e-05
        (
            (0.000000e+00    0.000000e+00)
            (1.013000e+04    3.463638e-17)
            (1.519500e+04    5.247785e-17)
            (2.026000e+04    7.098253e-17)
            (2.532500e+04    9.044024e-17)
            (3.039000e+04    1.112159e-16)
            (3.545500e+04    1.338147e-16)
            (4.052000e+04    1.590344e-16)
            (4.558500e+04    1.884470e-16)
            (5.065000e+04    2.259309e-16)
            (5.571500e+04    2.822145e-16)
            (6.078000e+04    3.869625e-16)
            (6.584500e+04    6.166381e-16)
            (7.091000e+04    1.149673e-15)
            (7.597500e+04    2.362564e-15)
            (8.104000e+04    5.002782e-15)
            (8.610500e+04    1.056556e-14)
            (9.117000e+04    2.036120e-14)
            (9.623500e+04    3.662362e-14)
            (1.013000e+05    5.818879e-14)
            (1.063650e+05    9.681250e-14)
            (1.114300e+05    1.433144e-13)
            (1.164950e+05    1.784179e-13)
            (1.215600e+05    2.435802e-13)
            (1.266250e+05    4.214638e-13)
            (1.316900e+05    5.103683e-13)
            (1.367550e+05    5.828729e-13)
            (1.418200e+05    6.650923e-13)
            (1.468850e+05    1.119138e-12)
            (1.519500e+05    1.269149e-12)
            (1.570150e+05    1.329371e-12)
            (1.620800e+05    1.594856e-12)
            (1.671450e+05    1.555300e-12)
            (1.722100e+05    2.525874e-12)
            (1.772750e+05    2.393731e-12)
            (1.823400e+05    2.846264e-12)
            (1.874050e+05    3.563973e-12)
            (1.924700e+05    4.519789e-12)
            (1.975350e+05    4.549623e-12)
            (2.026000e+05    4.177417e-12)
            (2.076650e+05    4.191028e-12)
            (2.127300e+05    6.793104e-12)
            (2.177950e+05    8.183308e-12)
            (2.228600e+05    8.560094e-12)
            (2.279250e+05    7.864987e-12)
            (2.329900e+05    8.978998e-12)
            (2.380550e+05    9.266158e-12)
            (2.431200e+05    9.178584e-12)
            (2.481850e+05    2.110055e-11)
            (2.532500e+05    2.103616e-11)
        )
    )
    (
        1.7e-05
        (
            (0.000000e+00    0.000000e+00)
            (1.013000e+04    4.651673e-17)
            (1.519500e+04    7.049104e-17)
            (2.026000e+04    9.537554e-17)
            (2.532500e+04    1.215726e-16)
            (3.039000e+04    1.495989e-16)
            (3.545500e+04    1.801920e-16)
            (4.052000e+04    2.145962e-16)
            (4.558500e+04    2.554356e-16)
            (5.065000e+04    3.093487e-16)
            (5.571500e+04    3.942257e-16)
            (6.078000e+04    5.567980e-16)
            (6.584500e+04    9.096501e-16)
            (7.091000e+04    1.698564e-15)
            (7.597500e+04    3.411745e-15)
            (8.104000e+04    6.944672e-15)
            (8.610500e+04    1.370290e-14)
            (9.117000e+04    2.689112e-14)
            (9.623500e+04    4.284151e-14)
            (1.013000e+05    7.927141e-14)
            (1.063650e+05    1.039326e-13)
            (1.114300e+05    1.326165e-13)
            (1.164950e+05    2.599991e-13)
            (1.215600e+05    3.208133e-13)
            (1.266250e+05    3.730716e-13)
            (1.316900e+05    4.338733e-13)
            (1.367550e+05    7.872896e-13)
            (1.418200e+05    9.521806e-13)
            (1.468850e+05    9.965708e-13)
            (1.519500e+05    1.197707e-12)
            (1.570150e+05    1.222047e-12)
            (1.620800e+05    2.118910e-12)
            (1.671450e+05    2.092021e-12)
            (1.722100e+05    2.411825e-12)
            (1.772750e+05    2.425729e-12)
            (1.823400e+05    4.044828e-12)
            (1.874050e+05    4.192198e-12)
            (1.924700e+05    3.175635e-12)
            (1.975350e+05    4.292549e-12)
            (2.026000e+05    3.962017e-12)
            (2.076650e+05    7.956972e-12)
            (2.127300e+05    8.003880e-12)
            (2.177950e+05    8.320657e-12)
            (2.228600e+05    7.789579e-12)
            (2.279250e+05    5.380897e-12)
            (2.329900e+05    7.975618e-12)
            (2.380550e+05    9.944592e-12)
            (2.431200e+05    2.102046e-11)
            (2.481850e+05    2.095276e-11)
            (2.532500e+05    2.086992e-11)
        )
    )
    (
        1.8e-05
        (
            (0.000000e+00    0.000000e+00)
            (1.013000e+04    6.144043e-17)
            (1.519500e+04    9.312545e-17)
            (2.026000e+04    1.260413e-16)
            (2.532500e+04    1.607389e-16)
            (3.039000e+04    1.979432e-16)
            (3.545500e+04    2.387300e-16)
            (4.052000e+04    2.850311e-16)
            (4.558500e+04    3.411295e-16)
            (5.065000e+04    4.178634e-16)
            (5.571500e+04    5.433049e-16)
            (6.078000e+04    7.865884e-16)
            (6.584500e+04    1.304290e-15)
            (7.091000e+04    2.419894e-15)
            (7.597500e+04    4.754591e-15)
            (8.104000e+04    9.491906e-15)
            (8.610500e+04    1.880531e-14)
            (9.117000e+04    3.089511e-14)
            (9.623500e+04    5.893702e-14)
            (1.013000e+05    7.899275e-14)
            (1.063650e+05    1.140823e-13)
            (1.114300e+05    1.965341e-13)
            (1.164950e+05    2.298575e-13)
            (1.215600e+05    2.670985e-13)
            (1.266250e+05    4.686990e-13)
            (1.316900e+05    6.803485e-13)
            (1.367550e+05    7.353993e-13)
            (1.418200e+05    8.565003e-13)
            (1.468850e+05    8.943667e-13)
            (1.519500e+05    1.695453e-12)
            (1.570150e+05    1.869680e-12)
            (1.620800e+05    1.743260e-12)
            (1.671450e+05    1.865093e-12)
            (1.722100e+05    2.003920e-12)
            (1.772750e+05    2.498230e-12)
            (1.823400e+05    3.992589e-12)
            (1.874050e+05    4.158233e-12)
            (1.924700e+05    3.672383e-12)
            (1.975350e+05    3.573947e-12)
            (2.026000e+05    7.770947e-12)
            (2.076650e+05    7.830245e-12)
            (2.127300e+05    7.714677e-12)
            (2.177950e+05    5.663968e-12)
            (2.228600e+05    5.720088e-12)
            (2.279250e+05    8.912252e-12)
            (2.329900e+05    4.164115e-12)
            (2.380550e+05    5.988902e-12)
            (2.431200e+05    2.087018e-11)
            (2.481850e+05    2.078712e-11)
            (2.532500e+05    2.070300e-11)
        )
    )
    (
        1.9e-05
        (
            (0.000000e+00    0.000000e+00)
            (1.013000e+04    7.994240e-17)
            (1.519500e+04    1.211958e-16)
            (2.026000e+04    1.640915e-16)
            (2.532500e+04    2.093760e-16)
            (3.039000e+04    2.580587e-16)
            (3.545500e+04    3.117067e-16)
            (4.052000e+04    3.733054e-16)
            (4.558500e+04    4.497037e-16)
            (5.065000e+04    5.581026e-16)
            (5.571500e+04    7.413449e-16)
            (6.078000e+04    1.099617e-15)
            (6.584500e+04    1.847876e-15)
            (7.091000e+04    3.407901e-15)
            (7.597500e+04    6.540182e-15)
            (8.104000e+04    1.239409e-14)
            (8.610500e+04    2.193186e-14)
            (9.117000e+04    4.263266e-14)
            (9.623500e+04    6.071404e-14)
            (1.013000e+05    9.161288e-14)
            (1.063650e+05    1.470187e-13)
            (1.114300e+05    1.768527e-13)
            (1.164950e+05    2.031586e-13)
            (1.215600e+05    4.616467e-13)
            (1.266250e+05    5.241572e-13)
            (1.316900e+05    5.790327e-13)
            (1.367550e+05    7.183690e-13)
            (1.418200e+05    7.076137e-13)
            (1.468850e+05    1.504557e-12)
            (1.519500e+05    1.532878e-12)
            (1.570150e+05    1.422242e-12)
            (1.620800e+05    1.606595e-12)
            (1.671450e+05    2.403368e-12)
            (1.722100e+05    3.559377e-12)
            (1.772750e+05    3.613270e-12)
            (1.823400e+05    3.301123e-12)
            (1.874050e+05    2.679646e-12)
            (1.924700e+05    3.999685e-12)
            (1.975350e+05    7.551385e-12)
            (2.026000e+05    7.583121e-12)
            (2.076650e+05    7.475711e-12)
            (2.127300e+05    5.593774e-12)
            (2.177950e+05    8.043893e-12)
            (2.228600e+05    8.624397e-12)
            (2.279250e+05    8.180676e-12)
            (2.329900e+05    5.936588e-12)
            (2.380550e+05    2.078632e-11)
            (2.431200e+05    2.070599e-11)
            (2.481850e+05    2.061669e-11)
            (2.532500e+05    2.047003e-11)
        )
    )
    (
        2e-05
        (
            (0.000000e+00    0.000000e+00)
            (1.013000e+04    1.026061e-16)
            (1.519500e+04    1.555930e-16)
            (2.026000e+04    2.107441e-16)
            (2.532500e+04    2.690640e-16)
            (3.039000e+04    3.319465e-16)
            (3.545500e+04    4.016628e-16)
            (4.052000e+04    4.827219e-16)
            (4.558500e+04    5.855540e-16)
            (5.065000e+04    7.355683e-16)
            (5.571500e+04    9.929552e-16)
            (6.078000e+04    1.490650e-15)
            (6.584500e+04    2.497784e-15)
            (7.091000e+04    4.513016e-15)
            (7.597500e+04    8.394230e-15)
            (8.104000e+04    1.569304e-14)
            (8.610500e+04    3.065326e-14)
            (9.117000e+04    4.561641e-14)
            (9.623500e+04    6.495392e-14)
            (1.013000e+05    1.153910e-13)
            (1.063650e+05    1.395651e-13)
            (1.114300e+05    2.917871e-13)
            (1.164950e+05    3.587711e-13)
            (1.215600e+05    3.843117e-13)
            (1.266250e+05    4.819929e-13)
            (1.316900e+05    5.112544e-13)
            (1.367550e+05    1.152723e-12)
            (1.418200e+05    1.294493e-12)
            (1.468850e+05    1.344258e-12)
            (1.519500e+05    1.249716e-12)
            (1.570150e+05    1.619399e-12)
            (1.620800e+05    2.812068e-12)
            (1.671450e+05    3.264005e-12)
            (1.722100e+05    3.503564e-12)
            (1.772750e+05    2.460251e-12)
            (1.823400e+05    3.856476e-12)
            (1.874050e+05    3.687880e-12)
            (1.924700e+05    4.220921e-12)
            (1.975350e+05    7.279514e-12)
            (2.026000e+05    5.353896e-12)
            (2.076650e+05    7.969597e-12)
            (2.127300e+05    3.850564e-12)
            (2.177950e+05    7.218215e-12)
            (2.228600e+05    6.682095e-12)
            (2.279250e+05    5.905295e-12)
            (2.329900e+05    2.070288e-11)
            (2.380550e+05    2.062542e-11)
            (2.431200e+05    2.053405e-11)
            (2.481850e+05    2.038975e-11)
            (2.532500e+05    2.036645e-11)
        )
    )
    (
        2.1e-05
        (
            (0.000000e+00    0.000000e+00)
            (1.013000e+04    1.300621e-16)
            (1.519500e+04    1.972801e-16)
            (2.026000e+04    2.673193e-16)
            (2.532500e+04    3.415208e-16)
            (3.039000e+04    4.218055e-16)
            (3.545500e+04    5.114647e-16)
            (4.052000e+04    6.173099e-16)
            (4.558500e+04    7.552039e-16)
            (5.065000e+04    9.628804e-16)
            (5.571500e+04    1.326303e-15)
            (6.078000e+04    2.027703e-15)
            (6.584500e+04    3.424676e-15)
            (7.091000e+04    6.178335e-15)
            (7.597500e+04    1.149447e-14)
            (8.104000e+04    2.115383e-14)
            (8.610500e+04    3.305695e-14)
            (9.117000e+04    4.978807e-14)
            (9.623500e+04    9.334144e-14)
            (1.013000e+05    1.123234e-13)
            (1.063650e+05    2.394988e-13)
            (1.114300e+05    2.692461e-13)
            (1.164950e+05    2.947717e-13)
            (1.215600e+05    4.088386e-13)
            (1.266250e+05    3.731375e-13)
            (1.316900e+05    9.971513e-13)
            (1.367550e+05    1.049728e-12)
            (1.418200e+05    9.918760e-13)
            (1.468850e+05    1.355726e-12)
            (1.519500e+05    1.832868e-12)
            (1.570150e+05    2.846290e-12)
            (1.620800e+05    2.969611e-12)
            (1.671450e+05    1.838455e-12)
            (1.722100e+05    3.129784e-12)
            (1.772750e+05    3.595625e-12)
            (1.823400e+05    2.659086e-12)
            (1.874050e+05    4.008881e-12)
            (1.924700e+05    7.035186e-12)
            (1.975350e+05    5.852988e-12)
            (2.026000e+05    3.586381e-12)
            (2.076650e+05    6.581073e-12)
            (2.127300e+05    4.877304e-12)
            (2.177950e+05    8.963788e-12)
            (2.228600e+05    8.686258e-12)
            (2.279250e+05    2.063078e-11)
            (2.329900e+05    2.054438e-11)
            (2.380550e+05    2.045294e-11)
            (2.431200e+05    2.035897e-11)
            (2.481850e+05    2.027255e-11)
            (2.532500e+05    2.031935e-11)
        )
    )
    (
        2.2e-05
        (
            (0.000000e+00    0.000000e+00)
            (1.013000e+04    1.629851e-16)
            (1.519500e+04    2.472880e-16)
            (2.026000e+04    3.352331e-16)
            (2.532500e+04    4.285974e-16)
            (3.039000e+04    5.300146e-16)
            (3.545500e+04    6.441997e-16)
            (4.052000e+04    7.811715e-16)
            (4.558500e+04    9.641609e-16)
            (5.065000e+04    1.246852e-15)
            (5.571500e+04    1.746704e-15)
            (6.078000e+04    2.701440e-15)
            (6.584500e+04    4.552192e-15)
            (7.091000e+04    8.036423e-15)
            (7.597500e+04    1.412714e-14)
            (8.104000e+04    2.335042e-14)
            (8.610500e+04    3.854214e-14)
            (9.117000e+04    7.340653e-14)
            (9.623500e+04    8.811453e-14)
            (1.013000e+05    1.040307e-13)
            (1.063650e+05    2.060386e-13)
            (1.114300e+05    2.292647e-13)
            (1.164950e+05    2.766039e-13)
            (1.215600e+05    7.224424e-13)
            (1.266250e+05    8.348074e-13)
            (1.316900e+05    7.621462e-13)
            (1.367550e+05    1.020554e-12)
            (1.418200e+05    1.207422e-12)
            (1.468850e+05    1.628732e-12)
            (1.519500e+05    1.376370e-12)
            (1.570150e+05    2.669650e-12)
            (1.620800e+05    1.332782e-12)
            (1.671450e+05    2.641072e-12)
            (1.722100e+05    3.315051e-12)
            (1.772750e+05    3.905059e-12)
            (1.823400e+05    6.933603e-12)
            (1.874050e+05    6.878091e-12)
            (1.924700e+05    7.475101e-12)
            (1.975350e+05    4.768795e-12)
            (2.026000e+05    7.871447e-12)
            (2.076650e+05    7.979882e-12)
            (2.127300e+05    7.913041e-12)
            (2.177950e+05    8.092340e-12)
            (2.228600e+05    2.055849e-11)
            (2.279250e+05    2.046221e-11)
            (2.329900e+05    2.037273e-11)
            (2.380550e+05    2.027397e-11)
            (2.431200e+05    2.017470e-11)
            (2.481850e+05    2.001476e-11)
            (2.532500e+05    1.997848e-11)
        )
    )
    (
        2.3e-05
        (
            (0.000000e+00    0.000000e+00)
            (1.013000e+04    2.020867e-16)
            (1.519500e+04    3.067080e-16)
            (2.026000e+04    4.159886e-16)
            (2.532500e+04    5.322678e-16)
            (3.039000e+04    6.591308e-16)
            (3.545500e+04    8.031802e-16)
            (4.052000e+04    9.784711e-16)
            (4.558500e+04    1.216641e-15)
            (5.065000e+04    1.587543e-15)
            (5.571500e+04    2.236137e-15)
            (6.078000e+04    3.439736e-15)
            (6.584500e+04    5.681834e-15)
            (7.091000e+04    9.722259e-15)
            (7.597500e+04    1.669391e-14)
            (8.104000e+04    2.982625e-14)
            (8.610500e+04    5.523283e-14)
            (9.117000e+04    6.920480e-14)
            (9.623500e+04    8.409503e-14)
            (1.013000e+05    1.766585e-13)
            (1.063650e+05    1.917612e-13)
            (1.114300e+05    2.507320e-13)
            (1.164950e+05    6.115708e-13)
            (1.215600e+05    6.669308e-13)
            (1.266250e+05    7.743964e-13)
            (1.316900e+05    7.179891e-13)
            (1.367550e+05    9.405216e-13)
            (1.418200e+05    1.481306e-12)
            (1.468850e+05    1.456235e-12)
            (1.519500e+05    2.488357e-12)
            (1.570150e+05    2.714965e-12)
            (1.620800e+05    1.981437e-12)
            (1.671450e+05    3.120366e-12)
            (1.722100e+05    2.466592e-12)
            (1.772750e+05    5.554948e-12)
            (1.823400e+05    6.740944e-12)
            (1.874050e+05    3.635878e-12)
            (1.924700e+05    7.275693e-12)
            (1.975350e+05    6.206313e-12)
            (2.026000e+05    7.460683e-12)
            (2.076650e+05    4.702167e-12)
            (2.127300e+05    8.394752e-12)
            (2.177950e+05    7.517808e-12)
            (2.228600e+05    2.038014e-11)
            (2.279250e+05    2.029214e-11)
            (2.329900e+05    2.019194e-11)
            (2.380550e+05    2.018523e-11)
            (2.431200e+05    2.001186e-11)
            (2.481850e+05    1.989680e-11)
            (2.532500e+05    1.978896e-11)
        )
    )
    (
        2.4e-05
        (
            (0.000000e+00    0.000000e+00)
            (1.013000e+04    2.481106e-16)
            (1.519500e+04    3.766811e-16)
            (2.026000e+04    5.111644e-16)
            (2.532500e+04    6.546259e-16)
            (3.039000e+04    8.119482e-16)
            (3.545500e+04    9.924148e-16)
            (4.052000e+04    1.215904e-15)
            (4.558500e+04    1.526257e-15)
            (5.065000e+04    2.017062e-15)
            (5.571500e+04    2.875962e-15)
            (6.078000e+04    4.453586e-15)
            (6.584500e+04    7.368564e-15)
            (7.091000e+04    1.271968e-14)
            (7.597500e+04    2.288649e-14)
            (8.104000e+04    3.993048e-14)
            (8.610500e+04    5.329303e-14)
            (9.117000e+04    6.753213e-14)
            (9.623500e+04    1.524596e-13)
            (1.013000e+05    1.601541e-13)
            (1.063650e+05    2.070383e-13)
            (1.114300e+05    5.058367e-13)
            (1.164950e+05    5.454938e-13)
            (1.215600e+05    5.159887e-13)
            (1.266250e+05    5.645022e-13)
            (1.316900e+05    7.896771e-13)
            (1.367550e+05    7.794920e-13)
            (1.418200e+05    2.168823e-12)
            (1.468850e+05    2.050675e-12)
            (1.519500e+05    1.797875e-12)
            (1.570150e+05    2.248173e-12)
            (1.620800e+05    2.859105e-12)
            (1.671450e+05    3.262943e-12)
            (1.722100e+05    6.480391e-12)
            (1.772750e+05    6.503436e-12)
            (1.823400e+05    6.809804e-12)
            (1.874050e+05    1.940696e-12)
            (1.924700e+05    6.419626e-12)
            (1.975350e+05    4.366716e-12)
            (2.026000e+05    7.625876e-12)
            (2.076650e+05    5.970286e-12)
            (2.127300e+05    7.936258e-12)
            (2.177950e+05    2.031008e-11)
            (2.228600e+05    2.021039e-11)
            (2.279250e+05    2.011046e-11)
            (2.329900e+05    1.998326e-11)
            (2.380550e+05    1.990359e-11)
            (2.431200e+05    1.981864e-11)
            (2.481850e+05    1.969512e-11)
            (2.532500e+05    1.963203e-11)
        )
    )
    (
        2.5e-05
        (
            (0.000000e+00    0.000000e+00)
            (1.013000e+04    3.018243e-16)
            (1.519500e+04    4.583869e-16)
            (2.026000e+04    6.223975e-16)
            (2.532500e+04    7.978583e-16)
            (3.039000e+04    9.914119e-16)
            (3.545500e+04    1.216150e-15)
            (4.052000e+04    1.500472e-15)
            (4.558500e+04    1.906513e-15)
            (5.065000e+04    2.564356e-15)
            (5.571500e+04    3.729251e-15)
            (6.078000e+04    5.870375e-15)
            (6.584500e+04    9.805452e-15)
            (7.091000e+04    1.684331e-14)
            (7.597500e+04    2.780130e-14)
            (8.104000e+04    3.964748e-14)
            (8.610500e+04    5.313890e-14)
            (9.117000e+04    1.260891e-13)
            (9.623500e+04    1.410663e-13)
            (1.013000e+05    1.842621e-13)
            (1.063650e+05    4.194550e-13)
            (1.114300e+05    4.453026e-13)
            (1.164950e+05    5.001747e-13)
            (1.215600e+05    4.609390e-13)
            (1.266250e+05    7.067277e-13)
            (1.316900e+05    1.202713e-12)
            (1.367550e+05    1.956580e-12)
            (1.418200e+05    2.011089e-12)
            (1.468850e+05    1.449084e-12)
            (1.519500e+05    2.008469e-12)
            (1.570150e+05    2.583422e-12)
            (1.620800e+05    2.667738e-12)
            (1.671450e+05    4.739257e-12)
            (1.722100e+05    6.250528e-12)
            (1.772750e+05    4.149696e-12)
            (1.823400e+05    1.848579e-12)
            (1.874050e+05    6.952271e-12)
            (1.924700e+05    4.368548e-12)
            (1.975350e+05    6.975799e-12)
            (2.026000e+05    8.877963e-12)
            (2.076650e+05    7.966784e-12)
            (2.127300e+05    2.030755e-11)
            (2.177950e+05    2.012799e-11)
            (2.228600e+05    2.002880e-11)
            (2.279250e+05    1.991414e-11)
            (2.329900e+05    8.386979e-12)
            (2.380550e+05    1.971765e-11)
            (2.431200e+05    1.960105e-11)
            (2.481850e+05    1.950608e-11)
            (2.532500e+05    1.942626e-11)
        )
    )
    (
        2.6e-05
        (
            (0.000000e+00    0.000000e+00)
            (1.013000e+04    3.640105e-16)
            (1.519500e+04    5.530313e-16)
            (2.026000e+04    7.513663e-16)
            (2.532500e+04    9.642016e-16)
            (3.039000e+04    1.200392e-15)
            (3.545500e+04    1.477652e-15)
            (4.052000e+04    1.834033e-15)
            (4.558500e+04    2.350593e-15)
            (5.065000e+04    3.190750e-15)
            (5.571500e+04    4.659534e-15)
            (6.078000e+04    7.274424e-15)
            (6.584500e+04    1.178975e-14)
            (7.091000e+04    1.893606e-14)
            (7.597500e+04    2.869542e-14)
            (8.104000e+04    4.143588e-14)
            (8.610500e+04    9.505260e-14)
            (9.117000e+04    1.176333e-13)
            (9.623500e+04    1.276746e-13)
            (1.013000e+05    1.489660e-13)
            (1.063650e+05    3.865827e-13)
            (1.114300e+05    4.242891e-13)
            (1.164950e+05    4.915440e-13)
            (1.215600e+05    5.557851e-13)
            (1.266250e+05    1.608215e-12)
            (1.316900e+05    1.740660e-12)
            (1.367550e+05    1.859835e-12)
            (1.418200e+05    1.119105e-12)
            (1.468850e+05    1.251369e-12)
            (1.519500e+05    2.372098e-12)
            (1.570150e+05    2.554409e-12)
            (1.620800e+05    2.003013e-12)
            (1.671450e+05    6.046784e-12)
            (1.722100e+05    5.433855e-12)
            (1.772750e+05    5.666709e-12)
            (1.823400e+05    6.977303e-12)
            (1.874050e+05    6.847537e-12)
            (1.924700e+05    3.996036e-12)
            (1.975350e+05    5.657491e-12)
            (2.026000e+05    4.266934e-12)
            (2.076650e+05    6.367646e-12)
            (2.127300e+05    2.004913e-11)
            (2.177950e+05    1.994632e-11)
            (2.228600e+05    1.983266e-11)
            (2.279250e+05    1.935638e-11)
            (2.329900e+05    1.969442e-11)
            (2.380550e+05    1.952163e-11)
            (2.431200e+05    1.940185e-11)
            (2.481850e+05    1.932547e-11)
            (2.532500e+05    1.921230e-11)
        )
    )
);
